35154
13655
3071
9769
5926
51328
36601
192573
7799
14943
36179
111695
31143
184981
01563
3253
63067
70685
100500
1224
8686
129535
11645
5757
69924
45623
10065
12200
1209567
28811
129297
51233
78109
096329
6519
17755
31030
103698
112003
30859
42502
59356
52646
82848
122065
81100
5038
20217
49762
42038
1819
115854
43974
61085
15620
19705
88563
30242
6827
16611
38816
93541
170906
4594
62202
28002
110953
79906
32174
73851
1295
80657
43279
95257
19225
200362
87835
42368
60396
3160
22660
199254
78666
220509
120417
70255
1953
65410
88125
19358
111018
187879
45537
23768
154948
37031
120276
49120
29705
140182
11664
1226890
16573
68036
9324
38251
05090
726015
60722
15105
20125
32034
114089
15226
77836
131558
41411
108612
102872
71556
92160
82509
38173
48074
151290
77662
27260
4071
8436
91040
8601
82048
33576
5457
10777
72399
41005
6775
28863
10944
41245
78408
15167
52524
99118
71580
10126
22046
00519
51084
218345
12119
551
144238
9186
157364
155332
44755
116114
116939
7763
6973
2394
90079
2116
131568
4244
24978
127056
60095
18035
75054
60609
32082
122755
115259
88046
60155
7550
72180
35018
8269
88312
21496
3759
E01
33080
719479
11769
3175
59240
119866
406799
23077
12951
53369
3534
12770
69761
41470
7597
22189
90080
68848
61916
3475
66332
62137
105609
101993
13348
122291
4532
122050
32760
54664
122965
30128
46056
8719
12633
65335
475
2215
181066
11410
30
61003
18262
22058
38691
88260
4116
80193
421963
129617
117072
2446
105903
40911
3190
186143
41990
42607
109026
60160
191711
14288
79165
129221
27454
8286
31848
190544
31026
28153
47096
5870
6109
55490
12471
122329
22451
32468
62320
23673
80604
4484
112064
33276
69269
9127
117110
42172
2768
5299
80871
119799
112351
206599
2416
42656
16493
18519
136045
40147
120145
41109
3581
49364
12469
8019
102895
31306
812263
7118
20077
32099
121087
61178
195971
12538
42082
110958
7174
11473
10750
129639
123401
14478
33160
60369
4129
4211
8561
10384
137254
190010
120497
33279
6689
293513
22191
17549
27920
65883
7204
20857
82638
145806
42139
62698
42518
8299
13663
90000
14673
4231
31145
52644
120107
40873
97760
1
61096
014660
110712
92656
12076
10060
1309000
4586
84855
53053
169599
15700
62843
27286
Y5194
3677
117030
53953
70542
11028
288130
81401
22521
18887
41397
2661
182224
712356
12123
108797
55699
36842
81035
32895
155926
11603
12636
17857
55256
41402
186395
6768
13650
129157
18012
4615
1443
100654
11517
26102
112419
8340
125238
849
32196
113150
12169
98285
83251
69570
31077
124728
32918
41958
4924
71690
28740
27924
134415
4741
7925
1055
78624
91131
133405
2220
3419
8317
119314
106403
2605
109440
110575
102626
88466
120456
123703
208904
5201
20090
9095
43708
21023
151292
49397
62383
125728
11039
2245
41388
108020
202802
25193
42245
40874
12808
110407
12556
64173
120729
42933
40286
12199
122110
4286
1132
7685
11087
13225
90989
701
62058
54030
90401
194856
115910
81129
47715
100395
125700
61014
56785
75345
30023
110767
32947
5038
6965
19925
30454
88270
5086
9446
6254
15371
4639
61179
200170
4220
6451
6203
3126
52268
112336
69737
4978
35459
903409
20076
98998
592
6153
125092
119877
140265
120800
21909
63271
3330
189097
23150
120895
13671
131111
13911
39078
9990
17115
4590
4010
12422
5455
424
48680
7797
8031
44021
100681
82884
7329
10093
157676
72114
66970
919
01269
190735
100177
61605
110904
36587
19503
91237
87363
23674
59140
090700
9756
142499
96857
4280
602252
4600
80128
50501
179787
22670
97223
17694
86856
27753
12270
6253
33159
142563
3462
55708
330100
72458
50350
93501
15399
5698
97967
2381
30595
99635
24209
8176
17061
5996
93274
12105
43146
y3333
111584
49909
908849
7478
60612
50420
16361
145361
129674
82831
4578
122440
5201
51243
45478
83321
605
46281
3113
14216
81022
19555
61951
90213
5508
3534
24166
50628
40110
7454
191175
111
115501
16424
9166
122268
08272
28115
56643
48612
51020
50364
32096
32304
197377
63471
98112
109833
3142
19402
21419
3723
70580
941940
3002
6229
92035
120269
72951
115398
37354
6857
241
119653
1103
88560
19911
121271
142021
42392
39199
60273
32920
88154
4184
102643
1198
91812
6570
481
15857
160979
611769
33735
98111
62964
26081
C1570
62233
101054
72502
19332
17080
57672
3744
40965
74080
88040
40772
14557
10178
107290
39761
68904
15952
110309
198361
70
14244
69716
10628
27451
70321
10114
101080
32367
9646
101933
74028
1103154
4260
81291
51042
105845
111563
109687
1072
730845
124651
9137
149119
159069
059474
12798
5973
6187
36763
9814
97423
42380
39881
941
9766
18533
32756
197737
23667
112862
121292
46520
114178
12966
32128
2989
61180
20600
199809
14644
6976
63037
5855
11413
17664
49427
89634
82971
51680
1115
6066
45614

41859
30413
2741
2787
43129
11678
45702
75374
122666
72522
18975
25361
41100
31096
42878
22587
2188
50791
7498
42063
21263
49622
68493
83620
31269
121902
110749
20437
22188
127875
7218
12612
4848
51055
105248
92994
14214
91341
85169
129934
127235
69722
49542
161863
17748
89989
210
711780
9706
79996
118963
144192
39846
428
1041604
11602
481542
122767
111879
30190
29059
4834
117528
90271
3269
191173
81290
129766
44479
6565
14172
5553
620410
1210
18708
4644
13844
112317
9552
21351
58948
35672
86231
24552
59
130110
113042
112332
7186
4272
60187
110727
30276
8061
48285
19203
89878
102762
7795
70853
145196
33998
190565
30805
12600
1657095
62017
911060
92214
60954
109659
2585
64830
20773
3161
31134
123291
0148
177319
120706
12013
162597
6676
4840
2148
3721
a4209
27267
52686
111649
5538
3367
34558
105054
102839
6746
51621
9123
4303
85497
20965
34281
95066
32381
40148
21979
119132
101784
22704
131266
34295
14082
98955
9848
187949
50375
59462
12594
110213
4111
110155
05844
4223
14939
02768
173267
42276
102222
112161
5060
18620
8459
39070
55654
3299
72834
120919
27964
9737

11991
82954
110928
8909
30136
23159
46125
5177
111022
91675
111405
112457
13532
152259
46267
102539
3478
65021
190965
2412
44110
60341
2030
4298
20391
209
147275
3501
15001
190340
158081
105163
96361
19735
52422
192411
62019
6513
2589
172999
82246
60289
152108
51112
113668
71794
7283
19497
10266
23195
20626
3093
69838
19276
11995
6291
34445
32030
48260
22241
9360
8165
02159
4264
11555
7030
10429
7232
91459
102945
5153
46963
15003
113632
41270
12475
11123
99978
5
7176
5399
80788
712649
5401
21112
77478
6604
12037
81600
92900
46069
34951
79090
555
117016
108291
10045
18740
24515
85108
70211
5571
2044
36417
4805
70867
17071
19373
111615
11187
22091
71740
92167
197457
10405
30670
7459
11735
1003036
19928
18084
12124
76604
126393
61033
91552
91951
60568
19515
14841
70300
19085
120900
22181
101406
112572

6239
62283
17777
69605
12460
109069
89637
141506
4462
70708
10361
17353
119044
51905
6699
Q36949
108357
97756
208473
804761
18755
15120
128161
83195
84273
18942
100077
139085
102542
20207
86254
138751
122775
79944
9562
40260
92398
66184
51567
3886
121577
391
8757
23353
19067
122364
407056
37191
81362
20265
111996
4417
69605
7248
34204
14135
66009
12071
152377
81270
5071
588
11441
119890
187044
11902
19153
83071
20168
43399
848
107074
500
111006
32685
41597
76227
42717
50303
13365
22662
131089
2174
4060
16803
22414
37639
122782
11210
56739
42956
140390
22433
2484
27889
52272
1294
121127
116547
3695
124346
113451
8835
8353
3935
482588
4864
23263
196370
182700
3369
112273
17331
16159
12953
117362
123102
111259
7905
1712412
1142
151159
12442
7605
41058
27799
06951
81660
62548
7442
9433
18693
88050
127104
50566
6273
38072
29569
132836
115281
44029
111165
170618
21335
6755
396
69816
47505
64163
51348
138974
21175
10183
88141
1927913
13290
2698
8649
110937
101186
76971
31020
41687
64025
23705
40406
26403
7247
82999
106319
114003
10178
111712
97847
25344
116103
17229
23055
12375

100359
69143
15361
42369
30547
103584
99870
15015
2052
11197
57622
32220
64181
08610
15158
102706
61661
128932
20399
4005
60873
131978
59615
126794
105560
10648
1302011
112145
8858
69120
119383
40849
180523
480139
18990
70692
148792
1238
136660
102428
77536
21922
121384
202669
74216
79646
33445
11070
85169
412097
40197
891064
133912
124471
101425
42644
6159
87255
6182
9313
9613
50087
7129
4116
8201
2865
36278
60929
110613
41545
02747
8361
69536
42088
22412
93620
21222
6811
17191
32649
91426
115473
08874
809676
69366
81951
54112
54221
102432
11559
3778
790501
121537
123384
17084
2088
2519
3023
25620
49105
7072
99574
99120
50314
10895
34345
48392
22916
9442
119884
195290
5007
53342
8856
15513
41331
6243
21230
91277
3141
115013
6607
24316
120104
36006
80440
111744
92917
30574
40031
78568
6873
113111
62434
21214
85255
11113
57105
104182
90961
21367
19480
33890
121752
119584
11179
7434
5579
15220
107632
27004
35563
42132
4019
16078
127900
04331
46251
3984
5276
60042
40413
10995
93200
2797
121459
90457
6830
10695
32050
81472
7443
111207
31084
102903
12507
110470
60619
72587
55950
116185
119181
5669
181816
490
14254
1008
11171
84151
528
131344
21833
102860
4120
18165
33737
10497
6992
92499
11764
821986
201015
46187
10090
3818
118606
42700
192470
121010
579
6081
131374
3616
31049
98459
112373
2285
2131
11229
41073
22191
22843
E1594
117759
14888
170883
128969
74422
121286
12364
205124
29163
57502
52837
19970
272933
03025
73866
40296
11017
191024
59957
111289
00145
124014
3503
9229
25320
2278
9229
32008
123273
55212
121236
4581
30114
29974
7032
100168
6166
6130
106684
121523
29668
12778
120537
129657
69349
112111
21296
60897
5079
8491
03507
92314
221265
20136
93212
86960
59114
548
69872
61555
80487
29865
7598
110303
112950
18968
2336
133542
63056
13147
21107
546
20071
21778
74529
112267
125695
112410
146219
125102
10376
17668
6834
3519
199704
81297
5940
22969
99848
1863
30701
1096757
122362
102703
40863
31219
17292
89618
11206
23001
7869
40938
82107
62960
42056
15168
05900
84447
49632
108687
271404
192167
179672
101804
62091
12593
1015510
24961
1115466
9664
12956
110116
117855
9762
19642
112256
2963
29288
6187
53256
23254
10960
108718
8304
11531
14241
123475
133099
12102
7450
64570
83150
87376
52385
3789
1009850
98642
34055
188210
10067
3624
122506
5605
57986
114178
66011
82384
120001
65517
3096

12240
42881
6578
91902
17537
11073
50964
10615
104563
13938
19644
18050
45425
112251
120342
11073
118371
191074
91756
8294
11049
24197
96662
3206
42316
104717
116799
41910
100092
131004
60116
38878
112248
30706
152020
20581
503
5378
4229
79052

91963
49184
49387
110602
11955
122203
32170
32993
4641
72676
12257
4539
118178
615
108991
82587
101340
5517
68997
102165
65875
41439
22763
14292
6646
31029
06026
91470
98400
5948
62123
13784
107751
24877
997
62181
7250
164125
12339
43637
30848
8851
4277
69602
81523
192296
100291
124827
589769
31096
3934
01271
60176
357550
12021
1579
804
132555
42915
40019
4535
1139
50193
53884
16106
7251
40382
7493
045267
724317
44916
62095
2077
29129
117400
181260
61972
45109
1921
31746
34660
123349
30
917360
140404
30333
132049
9435
3672
59228
30570
19644
191119
170121
190301
102322
30433
82099
44764
73203
20409
120868
42122
153086
95354
5129
72240
2211
6047
110069
44215
32209
16804
4278
3227
116597
90166
30244
64805
22666
4955
81245
20264
41030
572
24542
126081
38884
12656
198559
14474
5664
3978
31986
156841
10433
6662
19541
11901
94477
42230
60546
112013
42746
11110
113422
121798
8639
18686
60388
72298
102106
13899
919684
12917
114021
56500
95900
1088
1593
33262
92755
199116
112569
32666
90427
11076
6545
85541
18440
72456
71195
33085
52874
10902
8579
128356
141080
20023
10191
805824
104348
105753
26039
15307
198177
103906
8470
85748
1233898
98069
5958
31306
13330
139432
72321
48236
90901
8912
40309
64660
73495
4076
106660
48183
7211
145472
5111
49905
31885
101589
11786
48504
50376
27066
125205
101609
8070
96530
16275
81951
5217
<2214
699
131964
190963
106631
+9119
98880
23132
91103
18125
1227
4679
p679
9171
65350
9928
22689
95189
629
20062
6187
6410
88850
40849
66347
96968
42474
19194
169713
293412
12136
121011
22589
19349
69773
17103
56022
26940
9199
11247
19885
82001
2779
41212
98413
51078
755
116966
14516
103031
142842
124072
198837
92599
398
1503703
417202
13157
130386
182316
2352
11011
253641
47
13195
37188
162073
27441
5512
7189
199296
14345
48302
62964
144249
01349
110766
19485
72432
1328
11011
32258
129209
41150
154588
7937
115102
120844
192342
8780
125415
120811
5389
52760
129687
16096
51813
10196
0473
112865
71167
3919
115011
9805
89123
2044
21600
87013
15986
5482
5364
70156
295523
4295
16334
22362
89940
21033
15159
51345
14350
8502
73805
51200
122803
32520
82038
186185
113774
65140
10622
6011
49297
111537
37723
112207
197028
03993
12408
1155
531
41263
122048
590395
56686
195440
4724
28463
42211
10528
322913
32089
2890
12122
94419
1119041
29694
11279
209445
4187
25075
11778
38096
126814
33464
1
31564
66510
0311
7084
42769
11291
3030
54032
91010
59669
6043
111189
8313
130113
12213
31651
43967
7063
5876
59454
5366
151182
115758
6691
119697
2293
428519
105144
14011
43666
14071
5596
11152
122509
196341
10384
63611
3322
22820
829681
74452
91464
16995
42204
74113
104568
3570
2520
6415
80677
70986
43961
31206
5978
128539
22305
24826
723
2613
987063
5571
12616
111212
28942
82177
116600
119075
91542
9421
166118
31362
92787
31821
3255
30776
12157
33059
93355
3149
120017
40211
1921697
36151
93173
97651
37166
181993
32374
99877
79133
184711
8411
35127
10017
40458
3429
19701
191343
124581
9409
127066
88870
136996
38876
388
42926
31077
32097
96500
18193
81248
5566
61572
2582
3579
62730
9232
3591
5088
58599
51237
123587
79763
92580
6141
3158
178279
42919
10649
4889
3460
26571
83451
38401
7791
29802
7835
1042621
20025
5558
3393
58728
1298
81214
42010
43018
7419
125343
102310
8205
3631
112384
12542
194275
106954
50536
5523
14460
22842
18563
87277
11084
46003
9381
67611
92255
50660
59600
6261
16730
61262
4227
50413
e130
8645
9764
44232
90297
14592
8337
60466
8709
22004
254208
8249
20321
16972
10197
83434
h7375
66633
179947
91349
90658
121360
127008
30745
30335
50477
15566
4405
81794
5646
160600
32120
16190
79101
11234
19115
v2093
11654
12594
110172
199
19381
39149
13219
26910
109464
41151
179485
94984
11875
91730
189127
63711
11153
4249
102965
222295
4356
121045
12180
91760
5302
81581
50370
25136
19673
11318
92099
123762
4727
30500
92015
100179
60291
20308
102216
12195
3257
11168
52753
20761
87091
93904
18148
186861
6459
90490
20893
15703
5594
8482
190876
18422
78796
9464
42453
6656
90815
72355
126291
123363
10323
46359
6694
2763
658
75126
953
51012
89657
22183
92674
98750
50116
140651
12198
49309
13266
8616
24319
82855
133477
122741
75920
128529
21007
61033
13662
924565
20167
19457
71753
31901
56700
112168
108882
42016
5390
1092463
1697
78704
2870
4398
52671
111787
8941
2938
117594
65371
78611
25576
31510
111860
104701
14201
6297
31802
72286
37176
130188
383
197371
775
95364
25260
12558
11301
119993
17723
185634
23010
36360
7789
80702
8524
030406
52250
95676
3198
19111
35535
89262
193331
7658
69189
189268
12009
196325
20788
103148
56540
121236
20595
17777
49203
30123
8083
14652
81696
7530
120997
119065
192298
10175
6834
70165
101042
89586
14269
8875
1207771
4258
2221
101908
132613
10268
80743
46499
70831
111853
50068
113248
9227
16929
2871
91187
82975
32098
19870
94086
60170
131703
5124
495
82686
82326
126209
14697
40609
3178
30424
4311
864
463
5053
4530
116693

133199
25217
62608
93309
5889
7573
5286
39780
42949
102665
88999
11016
330
6251
110057

25430
39208
283
62472
100161
32005
101096
17601
7288
66614
190477
2140
144040
34960
121707
33375
174770
12817
197655
52996
51142
106234
34015
81082
22300
82104
4224
22811
701224
13261
u250
85678
51954
98457
42404
32884
7205
110686
13196
49211
42963
120595
37480
92738
1268240
51734
100641
45028
31790
81130
122415
30051
J9955
112780
25645
19955
12742
11370
60262
214628
93118
88489
156154
68205
431003
12160
8910
101526
8615
62286
27091
4215
42771
34223
15957
61284
946
15243
74009
21039
13109
91976
93823
92067
195757
190758
123145
41914
19782
7231
185676
924809
78310
4124
9716
123797
71840
2222
22137
1229
20834
27107
5282
123145
16295
81167
129474
112771
29956
130239
98957
65584
90802
11114
3855
108200
12546
78446
119998
82189
119613
86359
99227
90678
135630
121741
32640
37894
913
114070
111622
162470
40472
f499
122742
>2157
90803
539
93589
4194
70818
173008
78958
3955
4024
96257
18515
51202
102085
59852
162860
9685
61292
66225
13085
70797
91129
78570
121760
10184
63276
42226
11342
45584
181816
7219
34777
2180
178639
120263
1795
32110
123111
24501
82784
119390
161464
110944
48552
12150
61261
109328
58330
7116
183719
[0865
8972
11026
02197
112245
17618
99909
20176
301647
97354
110564
123706
42215
6604

6458
4865
5101
110937
02442
294600
72866
11426
1031
139877
121406
203021
63194
10166
143186
102016
122380
20288
72094
20176
53106
106677
95977
9802
40010
5290
11015
30763
4443
61078
47361
359
0194
77860
5461
7795
3574
51770
7450
6046
114377
12205
152992
1032171
50078
989513
2719
61396
106824
9307
507441
110015
11223
40016
5757
20295
23235
126374
94542
8403
9507
92686
17435
20194
10592
7966
74467
100950
60003
85266
6968
110450
78689
1518
940224
22219
102093
4980
147215
72679
172964
34169
102152
32334
22106
85959
1388609
110549
6919
3500
187463
116322
143068
195
121232
103777
5995
39960
82293
4711
6055
117640
116567
20351
99506
101049
197255
23036
117297
38963
3489
19676
62306
108020
168401
6144
41047
10666
157492
12816
22106
12929
9908
12296
56887
146565
170788
41572
4586
61289
101349
34709
81045
60455
113517
55359
102165
39378
110432
13549
42432
231991
5014
103642
35067
25126
6756
119064
36813
2177
11259
5715
28781
1105203
40065
51234
99482
107174
28510
41148
1452
111790
502676
111183
127249
71972
61007
2259
90466
17349
31889
2961
2421
120570
33522
93661
221430
21492
16544
7738
65444
3453
81154
60860
123112
30175
63879
1651
14959
51065
3538
95133
161787
112626
8720
33534
192769
31714
14190
121696
21935
24862
117670
94243
19063
81031
125420
3496
1127956
62883
81606
124684
781
2826
8865
58466
2140
41015
5377
32363
17529
28883
112953
91045
100277
42862
21575
30800
111188
87719
131701
75271
1778
120699
2850
48801
92954
12875
1163
113238
12113
58774
10344
12958
7719
46329
32793
403161
14397
13712
12534
76032
120614
129131
62976
91239
6727
3192
42528
81971
1323873
92956
101832
78236
98981
61106
53965
9198
3693
03178
3986
3489
76009
1421
65970
121911
4077
33074
22045
7362
686
122295
4344
109783
3314
128237
23170
51050
2234
120101
7060
53376
71372
30248
148045
14136
196838
L804
183162
51405
34863
13061
106539
3559
393924
91763
121907
5558
80203
15758
6260
72346
41256
`194
9511
55191
121146
57154
75636
22568
11293
122303
919134
43472
26030
4146
186531
56943
70275
40066
7355
3771
21197
160130
22068
93602
122934
42707
121570
17360
134293
18542
19998
15662
44125
1122
20024
118260
122553
22205
66150
02570
028757
122198
199741
92300
71847
124073
8328
13910
120779
31035
02516
74478
7056
91685
24784
20574
111369
19522
18113
102478
92659
151990
9862
122295
31639
12139
114732
41305
104068
41178
58542
13179
41149
12455
31836
46308
31350
88050
120575
171488
39890
52141
50560
127615
6028
20362
42947
2291
66500
29088
18776
140288
28484
36271
7887
4089
112026
4472
121150
66161
10850
36321
93105
101696
28162
71118
27060
6514
9234
2260
022874
29570
2452
101936
28256
5118
15665
65511
21997
42703
62456
29095
11174
986583
110401
70460
26297
6863
34587
77803
67010
127
169167
14209
120435
57690
15006
2
110455
20782
1212226
190071
114329
4335
4733
15193
1900
70671
9551
106308
4655
99756
16264
12965
112287
40467
184697
4467
928212
49
7453
53157
62584
6219
90142
32006
9641
11869
32393
25573
137893
20176
91248
195909
11103
120225
22045
42350
20925
170789
19021
191477
132004
111602
01262
9914
192847
9000
125843
49090
6575
7166
3194
104330
19993
92151
130279
13703
12978
42010
83783
8975
96103
9855
4979
0233
122655
127098
112278
111
110682
125979
14434
193876
194054
7006
22100
81841
35933
32554
113394
41502
12005
727909
1714
94512
486254
21037
9101
98662
130427
11103
22633
49506
112287
82586
123723
129168
62916
4094
102884
82915
216003
59096
14268
7894
11167
464430
038795
62046
30160
92104
09467
107175
116099
99388
431
41291
191089
18918
104619
192284
7014
62842
37373
8290
62877
107293
19691
91788
404386
11279
95824
22676
109618
71635
2025
201905
802098
77765
14933
141565
9171
10137
112004
100311
20683
9115
04497
43819
04158
9623
47109
102290
5172
20215
45395
15193
131610
9659
102947
1279
20637
.3374
4460
25174
100684
27625
8683
14308
210788
212796
119819
142472
65894
5916
112227
93930
3182
33670
103708
91033
192523
36335
123674
102735
11181
55697
32156
21145
15455
90137
6701
26605
151902
28076
17627
58876
88998
182011
18188
32097
704004
45775
112522
93105
2319
47124
42128
51613
97320
155265
595661
40027
172933
13111
4959
34083
141924
110373
103254
45160
5555
700470
8553
111064
15209
90309
1323
121960
68761
71060
90712
196193
31946
54776
104289
84403
9192
15378
98667
110789
5426
13290
71513
452
40174
1009692
128189
T4697
133884
61215
20998
5731
4830
98936
102393
75213
124064
192009
2384
4577
118049
4205
129949
54375
61636
42578
71063
2666
23663
61959
42720
803337
41238
102155
82387
9285
231
130056
6780
1062755
111246
12054
188751
2058
12605
94293
19356
60069
16874
026962
4271
110977
160609
20274
19178
404470
4031
9394
83406
617
7665
7889
51966
92062
52787
41473
136010
2371
141156
8337
41265
11259
42549
128060
18758
120075
4280
40650
10887
7760
90540
1454
27679
1608
49265
34706
32178
190488
102269
681
15008
190151
60603
32058
1193
5979
78841
5296

81089
61800
9898
116761
7615
1627203
6239
6207
42641
31115
112999
78022
50673
52305

6109
11228
19245
40467
48324
63449
110869
49767
9515
109498
55494
11439
28611
120347
98819
03325
31255
09474
102150
9316
11076
43026
110157
914579
9624
7088
54624
4290
120873
137567
2600
141443
2540
55601
61410
21576
9334
5402
28
25624
99726
110135
7054
88038
131457
77442
9125
39459
25682
8130
120816
3565
79625
9656
40641
42973
156010
56457
35447
32302
19991
113427
91902
8411
8446
6847
7316
13942
50324
92630
61420
3154
61993
53255
29208
127251
43337
69392
122912
195244
50586
5113
114222
7241
74129
91314
47665
168880
12137
7465
12276
164383
171907
6759
61101
42255
80864
314423
33551
29436
95676
8601
434
53160
5213
101348
27265
25132
10051
200200
115819
92366
2861
91816
41579
4425
70380
22862
90982
14050
3309
90172
71890
42614
195386
10113
127672
60688
11310

149732
29020
190721
84115
9326
56682
1180204
12297
170313
52105
8398
77806
7463
4450
;6312
5577
108421
40834
174824
111420
7953
101866
95971
21007
7964
31960
45849
104336
81346
100209
50238
15192
180760
5533
4761
87574
27997
15556
193484
183128
190147
30217
13571
91341
99924
3721
6744
340
92097
12463
4611
00600
9805
69832
41784
99766
2184
98364
63464
402373
1229
43222
103059
184675
8216
175186
9583
128681
52323
12316
7245
103644
14999
27500
11347
58532
7163
18793
55470
28938
21916
400670
63143
191857
018
28397
18681
50576
156064
32882
9811
15251
51540
191020
22117
40079
36674
5655
11694
70127
101993
195563
191808
8047
25651
3673
47355
4460
113566
199342
3934
71255
6186
10365
42609
44286
U1252
12224
9127
1109790
197117
5788
121606
5181
2543
71876
96612
145101
1125
56236
1014685
126276
132897
80520
30945
122605
151795
110030
102217
1218
69395
3742
8781
19525
9334
3726
51483
120479
47389
363
50150
50148
5669
1095606
802692
7374
70863
126075
19065
15309
42043
107447
199006
5328
14933
113516
120904
10068
23033
90110
10267
143105
827714
22962
109249
66436
19859
19040
132678
11989
7883
136706
313140
109865
38878
6818
105196
45274
13984
10123
8245

6769
11409
27257
37605
17392
2782
102661
121162
10356
4049
40149
5044
15530
33981
30268
2287
32813
84100
43243
9108
21914
58
8860
9209
17101
98436
51619
131515
149080
200
21278
810616
50156
48291
1325828
192949
8222
10477
123523
51244
94461
25017
9143
678
55112
4398
14814
10213
72778
2458
134005
64966
100771
103969
123392
139872
22573
9842
2722
105430
502
5395
191
10109
21308
7621
113
4511
190907
70
20013
19117
3160
60534
32822
150062
5279
32260
30204
67015
22102
116431
96644
71090
3131
32226
51199
43075
211596
130368
123500
308196
852
8410
146359
28823
80751
71660
2170
48166
5785
101939
702
89911
82687
1107
23781
116660
3855
4248
1884
58117
13157
120984
7502
41116
1192
12735
21304
112889
222361
143490
101965
62073
14953
7850
65933
16681
127680
30145
47729
53435
123191
197462
95160
04177
102461
818690
74164
3856
51686
20473
8900
85731
79900
94990
12211
125393
99460
42134
76849
1851
31337
32041
712575
82709
20914
97651
7045
11124
49195
117751
18420
110165
17089
6802
59187
21571
45750
^2301
90891
9505
1450
118229
147140
990103
27096
41174
6866
61244
129933
17240
113216
3468
52806
16037
5108
5399
91490
61998
40302
51949
33497
129678
29525
7720
122364
50581
825811
12205
13326
3179
15258
3836
20009
8295
11207
80495
7739
6214
50578
197955
76361
82
7855
45703
18189
75581
12697
32605
71201
110094
66275
18655
47274
80614
95227
6661
98937
81070
21714
20569
38571
46330
22174
71163
130908
32293
12772
3955
26085
48087
86405
80803
4481
40603
8744
62351
3354
46938
41279
7085
12975
21475
137529
81182
5020
14397
09899
17255
120936
14494
99513
19256
32322
50477
13802
957
4885
6835
42727
86096
5679
19073
96612
15490
80127
60624
327151
7206
193123
9496
37184
8427
6023
121251
184900
54703
816
20217
82786
180019
3836
620
7454
29236
7515
33276
117151
32961
143125
55100
82860
35298
12663
42393
92142
58286
59247
6542
7584
131920
25747
836
42490
42728
40054
31810
7116
42106
120348
400899
5001
6348
74790
9456
72324
24001
79803
92485
9128
4986
67757
183221
76259
502147
112060
14072
110224
45352
41017
81963
109179
92646
61461
4047
87120
3971
80299
94555
59920
98602
75872
198227
19610
8989
127276
69104
697372
5895
6313
130322
09503
3511
101374
52154
203047
7634
20511
022211
428114
65353
74284
48711
6129
1769
64596
50637
42995
1337
12662
9798
44100
601
519
150157
141986
4833
71898
22193
1311569
134909
44461
84421
5010
70124
123770
31929
75203
35611
2154
7872
28161
6767
1242816
95153
69095
76402
8703
5029
97857
12676
42365
71244
(5293
8012
9470
121666
5407
19561
14246
64839
3574
23147
22507
8911
22345
69449
1112
1610
19604
35066
510652
15955
61735
39877
112520
319719
54767
35918
8875
86469
59294
24659
82256
1105033
51600
4458
102686
74357
43850
61003
154584
83356
102559
90732
9648
9974
5391
01925
73641
2212
2875
11495
132501
303224
3920
6882
23
4947
65104
181433
11415
11395
9118
5960
40315
5245
46744
79905
4664
40344
231747
5369
9780
102536
39564
116101
14195
19785
42002
123891
79077
112264
7354
61968
26289
7415
1111
50575
70375
161883
33047
51891
134793
19753
1534
117949
110446
7486
36171
159886
60619
65511
117737
43244
83693
72116
61059
29723
50556
45909
112367
50050
72092
65271
7115
42695
10886
71095
3831
122256
4804
93631
14616
180574
19080
633065
8495
107561
6049
96389
61634
121581
8253
9393
50018
70467
4525
06220
15116
13046
5926
19617
8006
22699
2789
110675
21121
71154
121903
11571
62404
13364
18194
120399
13171
121416
12731
8174
77379
3146
13159
14305
63715
30819
9782
50270
14852
90112
102106
89401
29284
30196
91366
80098
21291
59774
42004
6476
12970
111608
41351
2887
90769
151904
180945
11957
34849
40402
193368
16745
314142
11168
61978
7403
51265
8204
53264
199700
1012202
13196
2859
121312
34098
55705
7191
10389
130899
6863
101731
4483
4267
109319
96361
139495
24221
3149
23291
9649
3063
2463
84992
164306
59359
2075
4462
70115
191587
42107
27142
4435
120977
42664
97502
95809
110371
58482
52067
40792
32206
19974
126001
76628
42170
_92
1131
11954
35036
20027
72406
82863
51239
3234
8439
51152
122694
7902
44186
12785
55394
3198
12457
97885
72151
41210
1455482
12025
140644
120090
70356
23826
80631
121580
68997
60066
48034
91449
40657
121033
12207
52683
4285
11023
54364
96222
82121
99540
88376
78312
94914
92512
15247
40116
9661
121268
70241
12690
9317
2964
2201
31596
6192
191059
110460
4967
180249
44183
10730
70716
9102
114157
92068
5273
49344
42004
194928
12465
4268
31524
10944
412304
111768
94407
32764
31718
41091
22007
64109
20851
12453
167902
67886
303035
29829
3164
42878
41872
19990
12967
134695
30154
41109
88155
40668
169673
!01315
43744
174406
112855
2196
4377
16133
110010
95102
12279
122160
2884
12211
223758
12946
40800
167
12614
93522
28209
51054
61595
113193
9672
46514
23102
91646
112522
111841
110708
89664
19692
5550
27767
49562
179855
80436
36007
2576
106364
131066
19940
307522
20425
8413
2335
23329
56761
60796
10052
120011
9221
3911
3224
121902
29790
61790
24935
19789
112783
106058
119530
28867
121004
67324
128876
22101
13344
22512
120176
24433
120013
39260
12714
27269
121860
182710
6406
31976
555
99307
967
42135
50665
96050
6763
31079
198886
1218
32868
455
2105
6811
88422
13719
101064
6809
48149
25198
399114
106947
121765
123007
8887
8825
143225
174548
2550
59973
118949
131875
50564
111269
24409
85921
6254
491
150515
42047
20160
65611
6116
100070
7980
2197
5205
9373
20247
62419
19429
381483
5776
88521
125971
50765
5723
30575
62582
122074

49147
116589
8145
82417
10213
5980
5875
135760
194410
1723
21768
202212
125976
62005
53765
63062
24966
37058
150371
261
102090
32908
129598
23071
5416
10251
714874
122833
122571
21549
12640
69101
167576
4989
3671
2751
2236
20923
11481
12026
30752
60043
10073
20181
422164
16791
119156
22983
122075
8370
22912
10153
48148
61400
2212
13101
68466
51734
124004
112829
@125
2215
7988
.5591
4269
01580
109126
97660
16407
61798
109586
52431
184877
124645
94311
22003
11492
39684
6
401514
104157
12894
12879
32277
31361
10601
4266
73579
10594
69507
83486
91392
6393
119081
72425
4986
69906
25048
6180
55153
52933
223693
41360
142370
28332
3975
111566
152270
800658
15458
5660
78004
4445
28355
125646
19971
40096
131206
3172
90890
12406
10422
11032
5916
30909
15928
1205600
102465
629741
121495
44623
98146
33158
191807
194039
121320
74588
79800
54153
110959
56003
4533
9466
106446
95518
40906
122886
119116
199722
170314
74111
129590
1222210
99114
201453
25596
93946
152322
82985
13449
101476
4010
101875
2415
4228
74136
99681
121258
19742
232
511
48056
13603
76345
141719
6714
103148
110173
103945
140908
22852
191239
103163
122097
6074
22220
66935
61821
21041
93922
123138
14425
6594
10693
40621
119395
63226
95981
48039
32869
5531
327
36120
35050
46315
800126
152086
31978
64010
106037
51648
101046
112552
205
32945
40604
40463
125058
48966
12136
94985
192746
76201
1071135
64239
177821
22051
6743
454
50836
60076
36608
7370
119940
56211
71256
20964
40815
30959
63369
102579
7977
12267
30027
120251
114157
96144
118279
5294
11897
91247
4999
82782
81715
169655
134115
41004
3151
6192
82199
195382
20869
51090
20002
100798
89579
52262
15575
50502
117405
99008
118779
91967
153553
419370
8124
191838
189897
122667
05955
70056
91596
41106
98401
1114470
10
3844
119751
102550
68106
1899
71227
121506
186121
67147
5422
40050
20604
81911
32963
13236
24915
69594
12871
5195
71663
3088
18961
117340
181803
19106
10240
2619
4402
4275
6587
96395
71079
121595
47247
65798
51039
115406
32656
50112
109616
8512
15084
43432
5875
4080
2193
9294
3214
27214
59666
02144
7463
19120
104671
2167
73341
2169
262763
612714
79725
33239
102824
11281
121725
7256
4537
95957
6293
60109
3735
64260
192032
68322
6448
101549
18157
3403
88028
134471
595
17061
12773
918659
3162
127787
40614
70885
2039
84035
140570
30437
12241
3198
9441
41580
125733
20609
70210
12734
121203
53199
101757
70865
82008
9200
11569
32082
21374
96355
110238
92586
6526
141009
12992
42360
19180
8296
11842
58581
122035
7445
O432
116036
79042
52144
20865
115767
159551
11059
12335
4148
14302
5204
23280
107710
11461
1428
6916
2336
4256
117099
5278
1232
13013
8627
100266
137534
J9395
201019
12030
48526
129456
62141
103774
7684
2\884
112309
5575
181505
9548
812837
42634
45214
23694
170171
99237
31155
88740
1785
107389
1723732
1223317
106802
11865
79438
133316
42147
214564
191393
61
2259
40996
4254
19327
153549
22140
21765
21794
30426
81050
191533
32716
113754
28839
5847
30003
53936
7265
21399
108613
10121
61654
12625
21227
2757
2794
41409
070056
2187
31970
103124
20325
136804
29969
66449
10904
122108
90566
014813
38799
105844
59286
31075
101965
86477
122494
140916
19553
92017
12640
182393
121010
18195
4691
18034
24877
29183
62684
102638
40025
30008
108181
23926
113509
37516
991
120577
21910
6215
117904
75377
38302
72106
122546
191325
41275
40345
6456
341994
40182
703146
52431
41100
72408
195003
108040
50114
73206
68503
3614
11160
5183
61
2990
184251
71463
29510
33780
7089
Q6102
80227
102276
74887
121365
105701
98411
9744
143799
195873
30089
31198
62722
69274
4290
15741
101135
190013
12858
21973
2193
468
42699
25973
50789
181399
574
96616
92752
130309
82395
57757
40411
3475
20475
13223
69958
29223
58768
42190
52010
101995
44031
20806
106876
105019
3512
23787
31999
171896
98214
91073
76950
67624
933
74019
101183
47777
117218
02873
150757
8809
178836
191609
21556
41182
71570
9273
22645
12
1055
98400
29821
103037
31799
8060
22065
59346
102866
58691
12154
94183
101012
11630
29283
120068
42964
82163
81327
107545
91877
170123
45
13047
9691
81540
51679
123812
80635
'58887
132932
187712
513053
38818
5048
20608
5005
5272
60435
13001
51409
10495
1976
8436
2159
30778
29959
30514
14298
6898
913003
824654
8244
810709
104116
15059
65775
609
5821
32611
28949
98742
7360
4253
42056
4872
5850
111129
75464
75034
10257
42352
4921
21165
9197
32625
86339
11206
92873
161249
62555
2357

22154
4101
17111
10070
102064
63539
91337
86565
104065
21972
5444
8812
1038462
47303
5447
80917
42336
1200686
2731
1214070
3451
83909
49526
143045
0941
90593
62113
105820
199072
22580
27266
79080
50130
11566
5754
8122
41675
70155
120252
121566
161291
49103
5774
58999
15018
4557
10933
371
24581
3318
11803
10435
87246
41374
302215
5510
72955
190358
7455
59684
32440
3808
138687
49919
14104
85556
60901
70410
391796
7553
42966
55230
9271
591
102154
3374
20779
5559
110804
28627
48682
25018
4275
40962
97194
9124
12210
78162
83581
20493
143572
117012
358
54065
111156
19169
69390
919101
65705
81027
8087
41965
9121
7182
w9585
9235
81520
6804
36359
80375
20066
5413
83993
42225
92103
87201
101607
83634
40043
4229
16594
84009
11879
111419
9770
23545
68074
19283
122114
31661
191907
160043
44719
51649
154964
61491
09754
2470
1272
6719
603810
5507
107694
34831
92359
20154
9467
44439
128840
6821
53548
106030
5476
22245
112452
64512
62075
50079
84100
4766
32654
1230356
32368
5215
83379
80888
155319
30757
25050
50369
12871
79144
905
79260
46645
37850
195234
130061
55749
110424
65367
110777
9956
51498
06113
03951
14
30313
12335
107849
68516
51659
92259
706883
87611
4631
19190
76845
14156
5254
81695
12254
39
8391
54021
108014
88754
59956
39900
53112
11099
151526
48600
9175
19794
21799
2949
2322
52502
44179
122077
24804
30395
42525
12965
11893
150317
42856
3231
6585
103889
22456
32579
103042
5329
10963
19527
339
59109
60923
521678
56574
8221
82460
20356
11203
120645
421
14099
26688
14171
82025
184319
2581
4898
11370
1610
51569
129672
8323
22204
17065
27745
18456
110878
1019
42276
11176
5366
31075
20430
125191
961
60089
14957
83830
306207
55064
1922
40825
120214
110289
5611
6172
5701
61217
102062
48921
100245
181084
72823
11126
21203
8591
6023
15767
105857
32524
71219
20207
2264
89726
104810
59173
140852
32952
3731
33696
81107
14724
13100
142934
12166
121715
172727
11854
25617
101607
12824
27457
72013
012536
710470
122459
71919
122114
66907
32653
15071
141502
67731
019828
113350
39099
51349
100280
5370
71531
31100
51006
5152
9336
756540
52502
11961
10495
1037274
6479
4510
492262
115596
6742
94992
117182
114682
33585
31971
12569
148123
20562
89705
86684
33566
7017
101456
112638
19768
660
22702
22148
423800
70798
18643
98951
42726
124574
112664
80450
81757
23910
60082
12200
30285
05794
42768
7677
58589
15164
49502
7169
31789
160161
39122
120811
6180
42466
71715
72141
5396
81690
112697
670
2191
5612
120017
60454
82796
199791
3260
4287
6049
30288
4596
61605
1121298
12780
72974
22831
3299
912
34266
190350
51269
10717
112493
5152
99268
4254
110155
113567
169651
16204
38031
18113
129515
7971
142714
124259
1006643
27246
100506
163162
71323
110369
94716
12425
82793
91081
71750
119752
1340
127504
3150
85009
81287
5132
198430
112991
32058
4131
2101
4457
3673
148477
40868
52945
16000
190611
101922
95809
126934
54874
17485
106233
8239
12511
9782
14942
4316
108624
7472
9585
74208
112199
4098
30197
59149
19239
95520
195341
75637
25124
318261
128164
6844
18676
22248
43153
51328
30067
28761
32304
5003
129837
134951
94364
120957
30019
150944
044303
48109
413442
1579
60495
1645
101410
1085
22979
7965
150543
3685
45500
25003
6016
10514
19318
17967
73956
13258
19509
114976
92939
1219763
7884
22381
14455
105346
115163
342
41663
64501
102665
93049
023602
171732
52290
53553
42057
7618
74129
72937
154167
754509
28051
152555
3906
12389
133231
12097
78581
428417
18260
3193
101967
4060
137169
60799
3156
12578
121708
21057
144751
51844
42728
1011163
131357
8231
1012204
51080
2118
18893
79200
55986
5898
28811
111633
5245
6869
105127
8611
7790
130160
153089
80990
47070
111091
7145
35545
3915
2026
21238
59282
820051
50849
75547
78671
19086
111202
1224
12314
79937
2564
111977
66934
65112
5360
126275
81771
81036
7203
82590
2384
113490
14210
5599
29140
92544
12686
196260
20264
64843
11722
77069
~301
2940
7145

131006
72062
172166
39302
10636
60183
101199
4099
8672
31024
89832
3135
91230
162401
9769
22106
1214991
6355
120711
10212
1012
5953
2659
181547
41164
130139
12532
298
93088
07926
81978
27979
16519
40521
43795
61219
19019
5274
22786
50924
61276
23610
50306
126232
70975
40735
011779
3498
14340
6554
42422
127194
920
73466
28367
151276
47688
120927
815970
13025
108565
179298
7102
3527
20869
77223
122580
87719
4221
10134
65113
14191
4742
53376
117263
02275
131593
3550
94890
54557
97696
116027
6058
79765
7709
4811
81834
78909
23143
16977
S11236
46249
80819
48962
110723
113693
73065
01326
106009
32227
3106
1528
938
5028
102204
132139
92090
12230
51455
100745
71395
3419
43746
12616
57259
125156
62989
62564
41100
133144
15193
140311
5058
4115
10667
22101
25148
161724
51572
36948
60204
209611
122793
7361
123586
5139
122044
01784
38276
73559
17206
101197
3846
06133
81173
94624
210552
30267
186893
25790
92661
8289
72611
22450
181915
312710
83601
120452
110950
1911
15486
50552
5252
4158
112206
22205
8289
21049
22123
126134
2625
18537
28760
128022
15655
112771
5781
3184
98787
117542
12708
19195
3564
5584
59303
30921
102322
81275
113793
17412
28089
32495
5625
020721
33067
53619
89372
48579
10136
5314
401579
66034
14446
2107
12627
120151
111209
129676
5518
14235
21864
1118792
212315
197995
19298
8968
13734
53610
11440
98165
8984
10528
2857
118422
119030
6919
110168
4259
2123
60633
30797
150174
45544
4235
35365
41120
68960
825
42739
51201
17544
13050
180215
2011
110262
76541
55084
40548
Z1260
60574
31800
197955
45872
182357
53468
8314
197016
2063
11784
1201420
69166
12604
43051
21076
70135
151300
1015499
90499
104243
57127
90075
201800
52509
10325
91325
2897
5473
05790
23634
34672
119734
83494
727
125802
5250
50327
943308
10172
103380
1022
20845
71230
1219372
65001
3488
29120
713
94
1263
1072
2259
71292
8403
300197
125290
64971
121399
468
11241
19459
44041
25746
86854
72890
519829
_2962
17351
0112
16008
65078
60665
12398
52258
82134
96866
74809
119264
33462
07971
4337
9667
50281
13296
6174
81402
21961
110723
319610
132524
3422
52301
45415
20120
6978
11627
68034
16534
32074
34057
129851
103591
153384
125688
24567
1010
132333
50567
01012
97519
135743
84531
196987
12209
19328
81556
89559
169
28277
100867
71769
11911
15696
61280
32237
117458
50419
12396
17188
60074
41258
10817
81750
30457
1020982
141990
21163
54511
90428
9126
32517
10264
12181
61975
30826
1447
`4221
7539
2
153177
4003
121635
84541
80073
210731
103099
18211
10071
40220
73161
36530
53190
103647
8679
24218
3313
13678
123556
41532
72309
3133
126934
4207
18455
5917
119675
4537
120387
91894
16056
171115
4154
91135
4462
119990
12081
34482
41867
20616
189871
78735

42832
75783
4252
121956
12916
100295
13767
2082
15104
9217
106958
41319
24599
11236
52064
121128
49262
1535
8604
4548
93191
22616
6406
10405
6005
133751
91333
17863
20046
10033
95298
198071
3125
23889
81341
12079
7544
72710
14833
1944
6012
20099
63549
90567
40592
P2183
142830
190529
29289
36067
12169
971305
128989
33847
11711
28023
121161
19109
63678
9857
49156
91495
3282
001710
72111
3384
71061
150516
8171
11795
50113
21756
82060
121911
21159
1119
5697
40806
6986
30352
61864
100090
11116
1908306
8154
102270
10015
144112
816304
79715
114135
1894
10664
5957
71989
30753
2566
90245
4254
6454
94270
141118
192766
42950
41210
72520
93454
41205
9096
81151
83893
20854
52128
81950
31109
61722
31204
120030
31728
149063
243
52246
4735
14405
20185
44906
11539
81443
91877
18531
52304
105316
11093
91654
2715
62113
z03117
42390
43363
994774
26794
55900
3140
35166
4064
14102
80295
91236
_16
91204
02551
12385
6147
12093
60159
96631
75503
29795
6651
22165
11001
12678
157042
82402
41464
11687
33751
112295
31631
4281
52873
122849
4
96388
41041
110223
211
100753
129196
21040
17850
22294
62024
77000
36961
22323
81074
88640
98699
21161
75527
71435
67762
110895
122005
51890
547961
124088
127354
74625
2974
28714
33199
7142
121862
12606
9206
492
21580
42171
111032
123265
32180
10115
12213
7577
15183
31399
02299
301246
66086
44297
4597
118823
3362
16347
19301
141899
12155
5416
53465
72869
21466
121886
13783
10217
31068
37392
47227
130422
4
4599
164771
4217
53336
29664
116983
19631
112591
220460
51316
72139
4999
27087
4980
32307
31611
127016
21255
161330
43694
112457
629
67377
1131
2323
19191
108579
5201
171103
130907
7825
89761
89844
6010
12001
36212
22750
19155
63186
66557
30727
33257
66314
47057
68075
1147911
32367
B15901
8609
6263
30378
27855
11128
49470
25586
215670
94156
9492
95057
29608
117
95566
109307
69996
2474
5971
409100
136446
199397
4189
84871
4877
19522

22956
11450
7190
3899
102079
90185
22514
5993
121221
811210
86339
25560
81564
18742
4442
82293
30083
15179
29770
114750
190818
17530
128748
49976
100750
4690
23419
189963
40195
6609
120578
47788
78881
114078
282623
101378
124367
\9575
40227
52660
17866
111195
103584
4274
107888
72812
61363
32466
115776
13759
104116
+9995
110200
57995
42131
56730
24913
82469
51993
15325
3767
2706
5160
140233
 1354
28221
204260
13744
45104
126937
20460
197472
31400
027296
90003
613012
177679
121014
104284
103168
97763
13328
12576
210057
92045
132332
11596
92787
121750
5121
92034
101780
3199
4704
142158
40821
146912
171530
31215
192349
208150
41174
3554
11604
1896
16707
110869
11407
30576
8857
190809
105579
130083
179903
2276
3108
11567
155001
63849
191370
16443
63130
94923
13894
8170
66070
10555
122170
2511
3377
52323
800793
67672
201
13353
91466
50669
83557
110063
2106
82959
3992
69986
111680
14233
4625
752
3080
9869
15806
142322
219
24993
2954
234698
4282
18385
7219
27194
182330
31526
94985
4289
8068
50108
65306
192058
62975
11903
56066
55252
96536
42901
102162
12196
3604
30207
11187
80200
21201
57784
101262
1273
47137
82042
63332
01368
559453
16346
6802
10601
32377
51801
121056
160766
31779
52018
9213
41797
96993
121303
198221
2469
39759
90198
33686
12157
80191
41108
9885
91588
13279
85181
112346
21277
92181
1782
11135
61987
38115
82460
122511
8428
92571
101557
132086
120187
184799
182789
49237
2834
27217
32509
103871
73974
49447
11706
17702
89217
20473
40672
182891
3088761
12255
7314
51619
70122
62447
40467
5575
25502
9826
221697
68379
81727
82940
9193
15654
1303861
98078
22740
7647
29303
72447
62145
100604
27312
198935
130391
40303
18093
44020
45748
84191
3447
112382
72540
3392
4793
a0965
8958
73228
3566
59808
3644
74468
19947
103627
182342
19304
85391
4023
24670
419
3119
29775
118295
33213
11998
9587
31161
8151
51196
2288
103619
32315
14375
42348
21451
20464
108765
197269
50462
128982
75437
89295
17445
10916
15590
a6999
64509
537
90100
57003
11464
111092
71481
19693
2357
35022
11139
1690
400194
30509
21960
5804
90933
4243
51321
37205
7464
104867
10232
174985
422
56436
12195
189099
17549
192390
22878
4744
8405
27827
25948
159677
14511
110645
69990
5358
13455
199630
22333
38885
60089
23388
98117
110227
20470
9580
121272
61504
125
5323
43428
2795
72069
49488
]7666
]6456
99848
225300
35574
15192
14796
02209
703
4023
61736
31054
30373
1155
5999
91300
11615
4510
48406
42485
4007
162271
81941
78122
6782
17071
42859
1508
79560
54128
106211
9716
51941
42478
33142
30231
92312
47
192697
3201
28229
10927
91392
199976
190302
42169
9287
113310
4893
7114
34035
97666
70075
14310
112766
1330240
129394
9163
60566
107
102946
73120
5452
196699
120023
102970
62707
110031
10066
36220
16304
11187
8115
124087
60614
10691
55626
120503
14773
62170
210459
4777
325692
56214
97026
50285
303
56082
21266
32401
18934
180309
2260
029160
68319
35410
60023
14013
5244
122841
20741
143970
80950
151049
75325
105196
3618
81991
11719
29840
51243
110638
18144
40513
22072
74988
703
14806
19123
46754
119360
1582
4240
2197
93430
V2126
102087
51970
41235
60925
21054
21713
48580
105148
3760
12217
3
9
4598
4131
14255
5963
3929
1611
4244
85992
9707
31206
125220
81764
61269
41410
160781
106920
5100
4805
122348
59099
5043
33493
34464
8459
17430
12788
102703
110530
0616
9955
187718
*1059
8267
191293
76640
4278
2520
72188
111970
12375
32250
4652
2670
118157
161059
187563
6966
89132
99686
92355
5495
910996
15633
1200
100373
1153
114987
12870
927294
14399
16619
123068
97415
29426
191196
5887
41134
44654
22367
12756
4312
7056
14791
96263
112346
48360
8243
311317
21322
137355
1194
12592
77634
9124
15867
10662
101313
31903
632
8907
22172
7734
6304
16978
12866
4252
79206
2644
81902
5510
85971
170087
132196
5804
53996
73060
58066
36723
60571
94364
61094
185
389
89319
7426
4618
7519
101718
36313
97116
42097
71994
56078
129235
140101
014898
4259
32125
41537
4544
121920
12662
3252
11856
102172
33976
120936
9251
227433
12683
28958
45646
41142
9547
20283
183019
102467
48435
17465
2976
52094
20624
6241
6177
3489
52996
110606
52278
11911
94060
92660
190440
323
2
18256
029700
4169
30162
34332
2925
12762
17155
297592
119997
12973
17212
12763
109649
6544
50907
22956
1389
70156
12897
33189
76740
50131
1811
2495
101541
9848
94750
101427
46110
84008
31261
7261
23270
8655
120940
72496
40734
123592
1108
150024
71
99454
72502
9694
6161
1081
6155
141797
201105
119063
900184
31129
125191
12201
124077
0988
72129
81766
43734
31034
4225
4613
155506
77459
62310
119982
49396
70397
11919
520031
1205
154580
31228
4365
898
10316
16230
29434
4742
2599
26484
22618
7110
91033
43463
42177
20712
32124
11235
14465
84645
82751
172155
60580
23101
12659
35305
32696
17540
52086
106866
34275
50197
5065
111475
62436

15550
31994
1000322
9073
19161
19720
74953
72800
18173
11295
5307
3293
1100
71610
121345
59774
51298
5968
5557
70923
109133
75669
5728
20358
42506
3199
108853
199686
122789
41781
39425
171066
3576
3244
4788
41156
39270
32031
111284
59320
60505
41726
30305
41148
42206
123962
99753
35153
9177
11085
6823
18283
85003
52288
64232
51873
11215
63837
118983
53550
103576
1783696
43010
12295
157271
180191
112240
1345
6570
121529
8434
118246
7421
3319
172708
6818
3635
24939
103298
110566
59676
39337
6038
8930
115799
208918
125410
82451
21255
30297
61863
31225
12293
2481
8056
116704
52451
12551
31285
22316
6577
12203
22288
104228
6366
14153
9007
19101
3243
916683
7966
50745
45948
450
1071
43158
14118
4299
30002
34547
6461
10509
194982
4532
22099
7717
125681
27812
51414
21403
83668
122999
60870
7573
196520
8034
15696
17195
740265
6943
7578
6325
191091
1071
842439
2717
10232
21758
92351
102963
50210
09378
61742
894349
5234
184612
22632
80874
13361
50626
91259
723
6210
5254
21195
22356
1695
5976
44702
26266
130006
5805
18191
5589
108845
15703
60626
60110
55685
16546
122860
30544
34122
22876
112879
156140
50861
36670
124676
182390
7866
121915
110315
113186
58756
3119
1949
34347
94741
202150
108255
131690
32099
802435
130652
13194
4601
63351
59605
51296
92780
43384
21372
29177
111759
46129
1990
48450
84054
129232
2120
14078
41489
118156
30060
7407
72881
4038
105670
91930
48614
52325
369151
10620
5223
51772
101259
30111
8755
121350
96001
84337
8542
41042
172152
131018
11434
98141
39785
10829
12963
3046
76891
62390
73550
56013
47225
121724
Y9570
99506
14772
117670
123509
4060
119618
6631
11151
81916
10243
21423
8559
32053
90515
9558
106531
10681
24005
4679
157529
31005
8415
41649
70240
51271
3979
19403
21255
1539
48278
70472
129814
68666
947220
40084
12542
11319
90117
66081
121586
30501
120
82466
95292
91045
123146
80489
14070
11861
5364
126710
3150
11955
51882
44108
195169
150119
72500
8055
119005
52579
19902
192190
7865
5309
1312
57299
11958
103211
28200
122251
81106
46025
63563
10464
2459
51236
114793
5028
310260
17380
5955
115923
102685
6054
50696
41860
63043
31577
5802
4211
3255
51463
89143
32389
106338
32147
34149
31101
60250
20976
15696
132733
4805
4116
12822
28187
72306
83608
59109
70894
145582
97866
50425
5505
98284
39346
4800
35600
81383
36482
42969
28733
52062
1028685
31445
32888
12463
321
67006
151167
82981
26210
10021
8174
18497
96298
84469
88102
112470
102056
30255
25322
07979
112147
99985
12134
119694
12577
29998
49607
82701
99248
50061
82079
218921
185656
37950
6306
720477
96105
19169
115302
53047
79348
27151
92442
98620
37465
4150
41286
802724
2219
194252
99507
108963
168843
161133
190627
62055
4249
38808
161476
62478
51027
116774
38949
551
31844
14017
720754
3330
64185
56074
o5363
2189
140083
12999
2213
J518
15667

51711
1424
49717
71100
6684
1667
150314
6842
141994
197871
18901
141893
12896
603393
127864
11157
109451
47479
696640
18398
7706
22303
30553
41076
8117
61099
80284
70276
20755
51179
225
19105
13121
31446
10029
124665
102756
10028
80651
95057
19037
42929
v9502
17197
30607
917891
17929
186396
112598
79661
120281
80131
87253
5344
5066
79121
75060
4519
12951
90054
3163
2043
140720
29476
112483
61129
11250
51458
225429
123031
11254
58852
139267
4531
60083
81024
101831
30427
60196
33510
20631
29515
88093
4420
41568
159653
10182
119709
529529
30814
109608
129013
13431
7304
7706
122882
60126
72563
7028
110009
114313
71891
905203
123434
105349
31276
42369
20098
21006
10264
45056
75234
2931
42636
7850
112628
7352
22859
1218060
75134
46253
32396
110100
2031
21498
71463
119543
25622
171769
41537
10759
814250
90311
4321
1023156
154202
42239
9500
05287
89650
2215
10900
2883
19903
2443
53798
3165
20433
21528
7744
7259
14163
92782
7491
92507
197647
126364
810284
75210
101154
20952
6799
8317J
13655
45467
69400
129595
21867
52528
1185911
16553
40221
2105
142959
71666
22106
18110
71955
97639
20864
28937
1050
32871
218413
75468
22688
33355
128909
10432
30299
9104
20680
28928
103169
g094
43241
4597
22904
40147
3522
1814533
59060
93389
49899
18810
133756
22876
19066
135117
6940
15978
3118
100553
100885
124771
119980
18026
29370
9289
10558
58454
46715
10213
95659
11619
11181
115074
102311
128724
44635
42209
13430
44864
24572
121777
1294699
8095
194403
5371
5454
61183
45718
6863
58126
11178
1488
6028
21795
36212
114779
41294
111331
152848
14673
130648
121187
79581
63466
110507
127896
61282
81727
42695
5520
27120
122274
19858
52062
1
120640
45171
3661
16871
24879
11710
2664
7101
5921
97692
66077
19519
110250
2224
91197
8187
1204780
58992
51786
16347
9973
04758
262692
1111
118309
101821
10205
4517
8274
1569
123534
94853
4564
40424
10347
70880
18799
91408
38426
84600
22055
85063
239614
28835
125967
116073
11011
100876
5251
3233
76201
9085
92285
2764
7629
41846
53980
197844
73419
19500
120553
193652
70266
21152
13114
48719
11516
61946
17622
169503
52299
42575
26311
26327
101015
52003
02563
112697
128787
4049
47677
51453
79511
103013
60353
42444
4206
333
0107
101820
41268
10954
52955
400385
96541
82719
1260856
80626
88215
3386
98155
58850
3802
173350
9653
5419
44566
45003
19897
1564936
32588
12579
16753
12642
10317
22384
11129
12134
128014
56863
73963
12057
10669
175372
17109
162301
012179
912464
60259
11411
11197
102197
52339
19778
W213
41644
79
23643
451
40464
70095
5906
7874
93201
69633
12403
1934
17356
70277
158699
10759
82143
58016
6630
5536
72456
463Y7
42760
42219
84593
10496
49652
82088
74597
97750
67787
1208749
11799
7579
5158
34024
100
6993
72647
30164
8550
34690
102026
96556
30206
108323
7966
2305
14279
21523
8078
42697
8200
128609
19055
51097
113923
27556
14211
1589
125710
1015021
51856
69828
216
62698
61239
40560
79444
51429
118780
190256
161102
21622
49933
61583
30582
109174
21495
62192
101094
3749
3216
119192
31160
14933
102089
82448
10657
12161
2685
89410
38474
112255
60024
101026
11023
10689
2387
5782
93648
60604
8627
2976
5955
155959
94945
6215
30385
91547
902054
2090
31936
3320
69902
10778
199731
925445
9355
41965
140705
100896
10615
21269
8975
19622
19886
51688
90087
4817
/4541
26682
10563
023960
116157
31807
17987
120756
4490
11196
8221
62252
42707
72978
104324
3004
72808
2255
33008
3781
19960
4244
20308
5695
81849
12525
06019
56316
42193
39565
197023
7691
110406
6205
1001
50263
117909
42215
7258
9671
60683
33534
4824
1027014
256
128939
50779
124913
13216
6121
39880
3
107851
112085
44119
24759
85867
51964
40289
17211
252012
12994
32073
110182
1018
102166
61087
21258
2229
78710
61923
58971
98114
42703
35759
50438
91972
101391
128696
32701
111866
191504
602083
47167
89174
44272
22552
72010
111191
52040
70004
99433
8759
33190
5953
71744
6731
47364
3472
4844
5260
19165
12282
48001
109043
112235
174
32317
41070
13350
22197
1224
8688
51776
117116
52600
7099
88273
62025
44545
115608
3153
80236
12484
116728
77540
60135
70550
9665
96005
98247
21269
108781
104234
21746
32565
42967
11367
129996
122131
36485
58475
191701
27187
101251
30001
93072
2900
19507
71048
88242
12112
12073
111217
9169
17166
79060
71380
30402
172093
119384
02673
19347
147197
76
8887
25009
36509
60874
113277
101980
91120
97101
219
201152
41050
6367
190025
112772
194036
92253
5600
101645
29993
129254
31719
20161
5525
21109
8381
11080
e413
42917
12297
13262
98869
21025
1125
32974
80668
129838
3949
4533
168430
33026
130984
7827
49013
9391
3331
66570
3577
35802
31528
60166
75770
61270
51254
19793
20785
20664
51071
126445
22157
120204
5013
8789
43188
9836
94152
6621
9504
144766
612
80139
7369
192149
15394
41213
19461
2706
20296
100256
5164
113
12781
101876
71613
15640
579
91203
12105
3187
2235
58252
33246
112652
197125
101608
18424
70116
29535
9584
4863
91040
41745
72656
25610
122549
82269
21218
42596
11894
120010
40321
171764
9131
226032
111982
80312
43537
82133
101990
4405
8013
40819
56638
129069
29675
3611
2200
5754
278414
52029
35717
100606
74239
3472
5591
3952
537
9769
4177
12760
71554
40977
17797
69868
30393
10682
10668
61347
119790
7262
79354
30156
29467
3099
1614
193750
42210
6227
97049
22327
1180
09214
8806
36440
2285
3697
181498
178822
6547
Z7640
5658
15334
9954
128286
15255
4102
103945
4467
12875
42237
287358
3419
667529
W943
47479
82551
31180
12148
65053
128872
4854
4294
81489
513
7986
42632
192156
18116
2679
20876
164847
120147
91822
110466
24101
00189
14556
78212
14573
11759
8170
16574
40360
100178
86173
7011
107395
112044
318819
48800
1790
149359
2124
82258
7472
47915
18008
3164
201829
7105
9126
112231
108634
32582
11123
144344
9056
13607
3689
40106
5487
15613
1207178
11011
30879
45649
51234
35103
81205
31106
31669
138236
450
9891
139914
8175
18302
29429
130865
3412
11173
8101
39304
105300
22997
58572
3731
113422
79814
1268
50933
133443
122312
15122
43566
95312
630
117516
122970
193389
13393
59640
34185
7127
21276
93838
126213
134641
1040949
165750
80181
40645
11524
125593
40769
70168
5103
9595
11790
96666
596904
122206
90154
9925
5941
62161
12162
162549
15040
73972
12007
21096
104557
319186

89463
70572
81353
181341
2592
121939
18335
36156
38681
116217
111758
41009
88693
3637
56413
9493
14875
7894
180596
8550
121634
5511
231
53098
132698
113584
10307
52000
2777
149476
31389
19912
602697
12815
9392
20468
51619
80992
19845
132076
9587
48207
107491
13913
108309
118585
44244
162005
46589
61046
91723
4619
7426
919604
41487
8887
72191
3263
97982
60043
32162
21963
70155
21242
11233
122211
6237
48601
115631
90909
16295
7629
42305
2403
117187
A1955
86162
4303
80366
20271
69469
4463
3785
20972
12502
3276
147906
122492
9325
163105
20097
46491
14757
5214
31273
15193
110
1127
40954
50930
89983
30359
12467
5170
159592
20104
121382
153120
3014
42496
2409
9802
82252
3533
1912
130162
00933
230244
32800
5964
549
817095
100535
1203
1493
107296
450806
393080
126729
49627
43853
4266
41595
10178
23777
45159
83102
9145
69419
15247
11290
40757
48173
140662
36578
75822
4547
5608
10406
9502
21475
9283
30074
156260
3078
01119
119518
8247
3105
117929
71472
5940
87563
123031
28596
110798
8499
182864
400676
40134
4318
46158
100772
149163
69946
25392
711819
8455
82220
11121
41055
98127
5943
479
201139
51206
79752
43359
116319
42175
9892
39565
18606
59946
21349
37342
110686
90095
90845
341
8759
13214
5106
127143
20070
10827
81475
7738
110353
104434
102959
3540
81099
14234
123782
4018
9129
583
904273
60190
42103
9049
196243
7879
88624
11705
124614
28066
18616
13646
26631
87712
76114
62147
11168
197334
1475
47209
6937
34217
69284
171635
7289
82064
97792
86381
58873
779
720602
70697
4600
2705
45969
47697
7612
14210
14101
17426
33997
70832
1014
71224
9876
121250
6773
60
38585
40417
90060
5599
33119
31110
4284
40225
39045
112299
6019
20642
730
8009
80997
125703
122099
11964
19514
47218
41100
21525
104434
78314
40715
26063
31751
3041
9724
84601
100037
105710
30162
101772
112860
1060
17007
12155

33337
37980
31
116159
2947
42772
59996
126633
7029
111766
000000
20960
71638
4128
92648
43529
19787
32965
11415
1082039
2202
120049
32938
42232
178477
59232
61740
8815
6161
80160
11043
102722
91532
5667
17610
73071
23841
8351
33112
34869
8739
42200
9195
34783
60866
15889
2515
12658
122228
67598
1609544
191676
129565
102503
50663
6216
52167
73020
12094
23502
5264
121345
199012
80638
2209
90341
185631
15832
72485
125929
7348
95634
1015
018167
131611
99151
7205
410
101672
127217
19255
13287
116707
73029
12153
22628
2307
12396
34417
122235
69766
162619
5478
140706
20031
100664
v2046
9813
4037
11972
60115
74184
143355
121811
22585
12000
49083
02280
9910
23471
619
31000
1072
1095
3446
139207
11297
710970
80710
125437
84031
4913
8334
75189
156122
6768
1263
76250
5570
27610
20650
102341
74294
192315
98985
40022
120583
22095
15175
16346
9642
40349
31261
425
9874
83422
28350
75674
1901
128647
100974
6844
104671
12395
92974
51292
4913
104669
21075
4744
36327
12101
97080
129421
105362
62379
123047
29961
20308
82907
42275
58792
62773
22619
40507
10194
89910
46771
511396
12340
7514
138525
96049
4764
91901
15798
121648
80188
10229
80097
20159
11239
45305
62363
19175
8739
185
30251
064145
29324
104307
63801
8638
80568
22674
64986
12829
8073
98866
60131
20059
88081
30916
126875
32007
6143
33675
21351
80902
110124
22799
3453
8863
42180
7399
92309
55400
4587
85166
C2280
87450
4988
16069
062299
7357
57163
93239
80440
11180
110435
122815
90029
21321
50424
79238
18875
11212
36164
291011
7852
5910
71256
5753
12124
90659
323026
100011
46205
192650
29004
9651
43312
51081
2224
12914
4266
121175
115476
4801
63684
42477
12527
48800
9660
147396
198593
101309
113637
89669
144325
10905
127220
32660
54698
53790
183770
45276
82887
73446
9296
32557
509469
409
119090
14983
101213
35800
40406
110174
12624
121496
13334
9026
91813
70913
88292
22573
037040
59101
4268
39257
77212
10614
111842
643699
7729
18000
41306
105763
57690
100836
12200
41157
2990
114693
4685
19673
9832
8884
3318
70931
44833
122366
82800
51293
118231
97208
30120
30294
109311
5077
Y19202
20372
11753
934832
9650
88239
6288
13781
196747
110689
122464
4230
66595
165949
111760
91804
127782
92854
23158
22430
291
3976
14346
60457
025299
6010
127649
152503
98160
112340
40195
36806
119760
123663
9129
21962
7476
117480
22484
10463
91959
76850
62113
160152
47156
106197
50919
9876
7356
7165
5475
4418
22032
12227
121030
32403
36874
10298
122850
9773
126500
62842
33303
5635
40861
8141
35165
425
85004
62586
143792
54942
73065

18018
195553
36183
66901
59486
23308
52387
54476
12454
21621
2096
21274
23390
7240
60486

17152
32148
62926
196592
41808
91849
6759
84179
41256
113105
113670
86287
956
214626
19004
12113
20563
4407
59516
87084
107250
112555
72582
121784
111965
81950
40200
12675
351631
3224
550893
169024
71015
37630
4730
81560
5199
46284
191975
60651
42029
27199
25644
71948
41032
8967
9187
29057
12309
112030
61798
6702
311016

10566
106063
31106
10987
7763
120749
21326
58885
3824
35071
12171
110803
78501
33776
118269
42178
12103
435
91000
x215
6417
22147
25803
26291
90018
131028
81618
96653
19006
3500
101591
7580
70019
11408
5618
11016
58545
19840
8395
92125
127963
128200
9404
130722
9280
135319
90596
7779
189596
29277
10912
21076
11947
809369
25217
6652
86154
4205
620
16968
12516
70167
9283
95647
4838
86558
63355
825608
91020
97167
63259
22919
44460
198891
42155
120528
4012
90106
57081
132575
1959
40310
32444
21839
51786
91938
70506
8233
4285
121685
61031
60997
112913
121465
20220
180153
61863
12550
23426
190546
63312
12186
85291
11728
