105476
63966
49268
7262
98056
21156
120198
112249
34722
18
1100122
82755
45293
117137
17604
3113
137457
140206
13001
107594
52514
01422
7619
21796
121104
20275
9679
129401
92995
71000
5544
186871
51968
60863
42542
48016
5711
58359
8866
116099
32945
111988
129331
8932
88288
90937
2936
17766
181676
49819
126762
2278
32224
111557
90183
120030
3240
42770
9460
1211
190301
52264
30773
7254
14984
111354
101141
42611
8883
42653
6085
6823
62783
23284
17894
34616
41185
80468
112196
19607
107211
102077
58090
9085
30676
112070
101417
40088
7306
97963
19459
34046
112858
23471
1163
117044
100001
111068
6298
23976
112315
113120
10030
124945
20010
107690
48160
81951
119468
135974
107154
41071
60106
115163
142198
14849
3589
72012
51093
8848
126437
24419
191169
64611
71976
4236
52336
1108501
17691
128912
119109
111664
72028
2875
5970
71203
24863
52373
10158
198786
11806
118432
41774
91245
21791
97537
112569
9660
4261
6231
61919
19519
3208
43016
10934
60000
68611
121531
71384
5827
32074
111771
68299
33067
111798
23266
119099
1718
13607
1400
42285
94068
32227
6206
199685
400650
14751
12184
131
33109
13941
80292
108516
18195
16571
47822
14217
9688
90580
8427
72284
193173
181157
11008
85700
140976
21076
43547
21070
210734
9676
11225
14174
135005
96656
112537
191067
8633
91894
8999
30192
151571
70281
4447
11126
120202
12696
9190
127715
12213
1192402
19249
42224
32291
117112
15718
49763
71620
6516
21297
1102
82112
4096
22749
42838
60560
11208
93418
4918
56915
80447
122013
51199
111270
94822
23604
99481
44270
10595
125062
161369
181826
8427
16065
6895
133183
115
0506
58733
45351
12218
80340
131556
13199
23704
19599
6877
105318
61139
15961
199936
10001
#9298
105016
161234
161951
111037
802
2521
9146
3285
101606
42617
114663
34066
131645
62903
32633
1138608
5162
56315
171353
40358
1993
120156
51220
119043
111760
8656
130106
89540
52984
73949
85249
44501
117960
5026
100164
69339
41184
121198
42139
82373
117331
81726
81079
33739
37122
122792
9205
23015
43285
60132
106068
55669
39713
103151
164350
200842
24602
44859
13545
27425
20875
114971
17974
12377
82592
191692
196831
113062
22156
303978
41475
121710
31988
111021
160942
152710
62170
101070
133073
117764
2454
116404
112115
121666
52354
12612
80634
46200
107429
4210
130299
198091
120786
116887
12121
129179
112569
33410
73379
3246
10461
42232
18115
51747
1127798
61001
101053
1000676
17624
111611
121409
50993
112060
333850
3209
14532
120784
11977
23073
92500
7263
68534
15349
33107
60767
62994
102181
15425
2216
10144
105558
4422
3393
23019
5391
165928
4667
146110
5963
11347
20300
122600
110609
10667
120123
136814
5854
61277
112828
05289
71083
191237
43571
90550
8128
71198
10106
63021
5634
23169
112279
13962
98225
39240
26257
6300
52556
110206
134184
122355
61501
41369
109611
120787
17866
8119
106879
102631
5199
8088
91965
94078
74696
14912
26083
41759
100076
131271
70068
41840
713
42230
121064
118221
41560
104323
28861
41743
2247
19112
227
7195
110268
7910
71896
18229
70471
18410
91579
120859
9710
35822
7509
158969
103460
61089
121295
52166
85888
30725
10688
117364
41861
119253
111884
4043
03009
122270
152922
24299
29195
102873
51589
80391
109003
1002120
69013
518
59198
102564
50966
107335
1459
8546
71108
15199
11984
28276
149715
2129
192616
161880
199780
4221
156302
194494
2060
64787
66971
100599
117774
1092203
90869
160667
20896
71480
159628
113360
43206
193673
79102
101649
026697
112249
60368
68869
33160
14515
121359
31151
173692
121566
100695
32067
9617
71159
66866
4379
12421
163387
12080
10720
126064
1116875
83216
1009908
7503
44770
126325
7898
4
12284
60570
2252
113261
7461
20075
72779
1121901
3426
190230
199046
122586
196880
4103
91293
171669
42637
59395
7249
1101768
120121
191136
6382
42203
42011
11232
71224
23570
12175
226263
83700
1029604
32756
12159
100996
6452
5101
90033
12861
111632
11619
162768
124094
112279
79698
12298
18083
120489
103229
12276
10818
66332
8268
101301
78061
4743
101359
101321
100075
170874
112007
98305
112282
62350
100376
39692
43906
121317
70763
104887
107335
84700
20648
40008
43497
96775
22325
137191
23214
162585
108900
124554
20639
15875
112565
116629
101295
2258
91986
123010
113424
32583
41654
7421
6105
59712
101599
56573
112965
71125
137231
48659
10812
68509
113744
41206
83090
152856
14566
56966
46298
12366
19842
117869
30501
106066
11702
10118
48639
201996
71886
71197
34625
156467
656
70674
124229
3776
108871
31889
120127
30515
42855
81879
111796
13259
93139
41173
110362
202810
101936
7081
122202
32312
4096
121101
40735
120136
106690
17635
110779
57583
119429
193691
347
3448
109328
16168
92107
53169
190190
25168
80866
8672
9194
200028
54601
5855
4279
4599
42236
62793
40544
11191
9200
21924
8014
32363
4259
54663
83809
94012
10800
42244
10013
32131
112161
2416
111067
19582
45603
112469
91100
119056
22724
95178
190039
22214
100947
81773
111862
66795
102617
94866
78096
4644
133616
4851
39693
19683
4202
60886
77144
6230
2553
15909
126796
71860
22111
120731
31194
7210
27509
197312
122120
12381
148675
4286
181489
124064
120983
98640
81444
125479
4515
82343
102706
115110
0775
109888
68197
76364
25024
121660
118993
71936
62367
138615
103039
142596
34655
29200
5149
92792
10939
137768
2345
111181
121689
107709
70232
5506
14662
70562
122941
41402
59079
7121
50650
32779
161144
59399
2369
120442
111201
121661
739
22531
47236
23061
8811
58909
91291
14211
41920
90089
21303
11345
30218
1021191
82917
92366
71080
129995
7278
120251
223065
69681
91991
25607
30050
11997
190437
153944
111255
122148
24914
18080
31061
22887
67026
31840
93668
1933
83989
45166
111160
174722
7837
101715
17191
91116
88385
17502
8797
7596
111027
40600
113536
78244
100056
123152
126701
121487
129196
40766
121223
130276
20070
8127
60673
42726
41675
11686
129463
125541
15276
101960
98970
115160
102496
1634
9142
1270
2305
6193
31998
22102
42329
112560
123920
1215
41170
141936
6228
11527
21177
8653
101392
9110
17016
7449
107915
114463
19031
101148
54280
112769
110215
17197
17617
91560
1125711
22429
42499
111235
8287
59185
108808
6503
17673
78989
5265
20336
111213
801228
72147
31996
68060
10431
103885
21971
46885
210479
25527
9370
23276
32850
44706
20521
121550
11988
10886
6691
109698
119968
73090
62384
12752
53159
111866
42584
1107112
76689
81803
3555

86915
12360
22652
91546
12996
14284
2142
172248
6285
173860
93160
11299
82306
5250
123076
21120
41484
119648
21065
113437
12293
150000
108514
110606
10203
4066
128219
81187
72844
188584
71923
1225
18569
25042
160272
21012
106339
5469
12301
131513
120660
122689
110236
62779
10968
21073
25599
1725
11119
38390
45374
169924
89147
51034
25733
21969
134004
173606
32502
50170
16532
119741
79650
79588
122062
91104
1322
170465
183077
95502
11737
93337
3601
5621
05429
4495
69307
16589
32620
003245
127032
91304
22060
3994
21289
39690
8514
32880
23974
101839
52009
93663
8637
131263
62269
98599
30206
42067
192669
41250
101506
48111
120586
7270
75656
5986
4395
117003
99719
120469
68884
41432
83109
4128
199742
42121
52079
2165
110803
159023
101493
8108
12521
56985
59669
51237
119644
126044
41029
130135
31062
4435
49441
31011
72085
105166
52554
12063
16957
105457
19365
1712
98077
4351
936098
5401
42084
116319
3552
22225
21057
42522
21446
3580
15289
4253
1359
12688
114770
6828
88696
10476
18171
112199
22904
107038
2482
1110109
8888
53593
6766
61854
97996
61979
33155
65794
1036698
70578
3897
101721
3912
111196
31270
111034
7141
80344
63199
167775
178590
123943
58409
126551
30350
20667
68633
102813
106771
115878
1119869
5199
14331
112953
12037
2266
48156
410194
127036
129607
192296
125157
101930
5622
190108
15999
117244
62759
116607
99273
11550
130101
8820
11993
70124
12544
3504
121117
19224
19472
122106
21193
21672
9322
8205
60398
125489
82057
198979
70042
4313
16197
31887
21467
6396
62385
20624
120655
171679
10938
153398
9614
42262
180495
122392
113428
8460
196056
20100
5721
20987
124742
21022
119190
102465
30533
109021
3181
124335
18386
122148
20038
72155
125743
591
2340
111973
120591
13595
119988
52290
124094
100337
22587
3104
12759
25324
100873
6855
152196
41252
58835
98641
152680
5214
123976
115395
112259
180031
165139
112616
62760
72970
26619
10325
111587
41213
7468
177489
107307
158977
50287
112686
52659
8606
122092
50648
111018
415
117309
6319
128887
36641
32168
123522
119328
50578
1117940
112338
30218
156601
82339
95179
116952
31840
169641
10100
111783
70051
69798
42085
92352
31412
98662
26638
99154
19690
6859
39436
46161
4806
6505
5814
111209
5758
88717
52114
16142
7118
4622
61800
52513
8462
100594
112436
121475
82991
220358
61109
123665
41865
152326
121164
41787
20936
22068
44
20665
42102
108768
26473
3646
72399
94994
111060
76076
20393
103072
72055
6340
6513
13209
32196
7584
24067
3898
8852
82966
1047
120150
7759
167903
57657
5573
61163
21484
71060
108266
71014
111779
120574
5621
202821
29476
6134
122134
16112
4041
123154
180418
101579
111989
25126
62261
83491
91610
167168
1119
7253
21401
5412
191788
7811
102231
20644
9886
12364
4200
92907
11215
12915
31088
20252
12394
109807
105885
22146
67632
101704
30250
4205
22010
120008
119201
22169
62273
46741
81455
94343
48771
81692
126100
141295
121788
12125
111503
151755
3282
68594
5589
25023
72693
40464
4514
8125
4741
59246
5823
14719
190259
21592
11709
90097
11212
31812
31116
52586
4842
42326
170384
2119
60655
71141
192691
53380
131232
176367
100316
51655
11817
99733
73123
176265
576
80009
8422
120766
12866
152504
100368
121682
111241
9104
21580
11967
31051
31639
121297
41868
41550
127186
119129
60116
13189
5873
59110
11211
41270
91314
3409
17104
61268
19685
7890
111849
121780
100382
161630
107720
4346
92474
42037
173826
126760
100623
6406
46247
191710
12970
20368
121819
282149
92097
40057
51451
1112576
114266
48271
101183
69495
03740
61603
31021
173729
62389
3838
91
42487
7876
197801
7336
117836
126887
13143
3829
8022
23584
101555
146639
22324
42178
2777
51323
41618
22411
6545
24387
114925
49195
25692
20641
113886
25914
151289
59712
36872
17154
11525
41927
141583
125864
22530
112097
455
51216
90001
166688
114671
115460
213200
32525
112024
49844
6661
131963
4038
121438
134770
111246
101311
62650
6280
9217
82484
191970
199858
27967
23069
126072
126415
16693
107993
9218
56933
43396
109462
51107
49858
130217
4262
60731
60053
8213
120175
33258
132280
40094
121900
12319
72170
11020
51218
26337
70196
91251
51825
120616
38877
1201603
3442
122071
43669
121561
105746
6450
24733
120187
4205
54279
100713
42875
5377
116592
4743
13286
88899
92776
821576
8466
69330
91013
73
35338
142294
87064
131136
202505
3255
190009
31079
7404
29151
12352
161730
23022
120216
93116
9066
131687
100540
11631
00656
40209
32771
1080664
32065
28529
43311
99492
121947
21968
147429
12973
80669
112157
109716
4265
1002166
30747
8151
19692
92399
115008
22394
70283
10109
113135
121853
4841
125179
123759
108300
127101
17755
191191
30234
42487
8763
20901
7352
51868
4763
5182
94781
102750
8281
71783
121407
13918
73187
39405
42005
102452
112501
4222
88378
110063
31213
95309
190609
1119751
7280
14125
112118
5333
6276
123290
56021
128271
1233118
21008
420505
8043
61443
38317
11199
22140
63189
120373
108269
102974
27972
32252
13413
162758
71453
32224
58273
146124
125780
16969
41621
93447
112187
22384
122225
32468
30152
59944
120376
98144
1224702
1967
140169
15305
4066
13825
3012
51547
112980
11973
78565
12450
157074
111173
5203
92304
8204
62387
92163
45760
9828
122744
121546
7805
120952
91990
112305
19845
111200
68054
1103002
23014
5191
111965
15399
130632
51899
11212
89021
52694
133204
7371
319
21063
70221
22806
111666
4285
14259
20726
3068
9373
103721
111724
48095
151563
102305
7687
90760
12418
105868
12139
82000
162217
94870
123542
107917
5182
54042
91947
13777
121079
12861
21442
5611
3819
1225995
44568
30613
19965
99574
43161
95864
31197
3154
15293
4711
122303
12298
7181
122574
18811
90199
120487
120436
1206489
115276
32123
120299
10919
14001
35904
15757
92668
51523
1476
111040
120519
125687
13715
121135
3530
164596
7528
30113
20856
106753
98020
49160
11096
1015
134096
10246
107685
70737
104103
2425
22963
173564
12095
51997
10635
101135
100160
112999
51591
122857
51936
12762
82465
113119
32472
122636
62562
61157
04671
120048
192209
128182
112179
33796
182423
10233
909
12716
359025
10868
143744
123169
09769
312
1179
41989
19266
163998
80665
121191
6413
37601
35320
137569
11172
151114
184667
4867
69888
113472
51997
151279
122355
40327
20078
22024
102659
49077
110674
65634
112560
81061
21385
101615
41310
18088
5491
110106
96794
19173
20304
30563
22524
121430
108155
137609
V1639
187166
21558
32535
9181
60982
166954
102803
174983
119112
5836
193250
49000
6594
111620
92087
133162
114511
127299
68503
32508
13264
42208
32565
8193
105064
129393
26037
170142
52696
90170
19984
3186
1162
82092
30302
112084
1081649
01960
21843
15953
197456
30133
62239
17528
5545
9169
2952
11229
23267
10017
801
3668
76674
10338
82774
59873
82879
8750
127971
101129
16377
105704
30463
71540
14393
183053
81908
4589
39239
55002
4368
11083
1506
1227923
53318
9985
10266
102809
12016
90542
178277
19745
91270
8234
63039
103133
51119
2604
112278
3020
120184
19970
6050
74201
106669
3897
36150
123061
111830
62206
61267
65616
6130
12152
5237
4911
44064
962603
72519
23059
103769
18543
131230
195038
34156
2287
74074
22213
7634
12207
128708
111008
76276
112477
39832
12499
116023
43000
108332
4491
22710
19838
70479
81870
38509
11079
2460
19627
122213
3295
340
4767
100548
19750
191301
451
116961
406063
13923
9921
132006
41400
55466
116491
31247
112848
92080
72835
129853
40853
125339
8997
123699
91509
12109
126861
151148
82856
21770
47886
126511
70548
42619
49936
112269
10775
8183
29766
3863
125051
141681
81051
21102
19290
6905
31917
89424
122106
201506
69540
9170
99032
183269
73502
19134
102196
39187
40000
21563
53879
193075
131453
8945
19677
91614
50539
12767
142197
78386
50173
111724
100770
70227
102379
133517
90100
19891
117751
79019
110109
40846
112406
80137
87044
525
122136
86514
126372
123011
32216
7060
6054
7301
104251
51056
1217
128367
70577
4709
72194
69827
14140
191991
62896
21003
5623
41086
90503
7284
20227
101066
127771
32141
153966
2427
213677
84289
101466
129555
7512
51381
6544
111962
32672
22695
1014
92841
13889
8280
113861
78019
49628
73173
12476
103229
103500
3471
55031
6119
3065
21124
29050
122940
199919
6515
42134
8665
16134
112370
40010
8365
20035
116924
6765
117398
72855
111799
5749
26411
101173
94898
81271
13197
81160
98488
25023
84442
90856
30233
1635
4077
119355
14280
2147
01415
25324
6595
122466
121108
129942
64519
13650
91820
91222
89227
64200
190692
600011
9699
4148
194810
82258
22372
40377
19653
32712
24476
160544
3794
39045
p1099
104661
51581
10711
21281
2125
22801
119918
23900
21760
46773
126319
4738
122715
91004
5556
19294
91207
1004077
7298
94424
106058
30791
2103
82903
57605
107076
70944
35978
911
58319
3219
7146
50029
32030
128269
61179
9712
112111
35556
13119
51928
62902
88150
11311
11993
4244
4689
123364
13789
12995
64747
114951
12049
117996
16506
08620
82532
111000
8178
20657
42173
2322
82247
111051
2007
170936
3737
1128366
7918
8477
44968
10981
2088
19565
12592
117656
50168
59590
77852
12389
60229
19181
90512
36563
70303
21904
37470
5248
112196
62295
2467
94898
11585
32870
7993
90152
9253
32046
41167
89195
42558
40279
18659
13183
05132
3119
1505976
42007
59056
#0010
13598
30200
72046
110962
49695
30013
9334
32598
3675
20669
21316
23403
11990
021961
1273
82297
52922
121316
98016
83050
18035
7896
9087
148043
1210610
142336
39453
48568
125732
31886
103336
8401
20210
25576
15126
122318
89865
10669
91310
42665
43538
193246
21019
134332
122900
100709
105623
6941
33360
111841
80803
19110
30681
80179
129712
3201
142653
18294
8239
59141
4956
45961
179367
7693
71235
52156
42376
112739
64196
13167
62545
41510
106016
40297
16258
69200
21150
83137
101220
132980
54794
112596
102199
3111
80870
20856
11191
122027
103302
167726
122371
123186

1001739
111372
37948
15748
42032
152344
115218
126902
12499
056337
120871
52407
996
3846
12240
112300
7875
63678
3871
9036
103936
110476
120282
116935
4806
123640
182571
14964
114846
61972
11242
9059
107019
31499
12104
20752
42695
9107
31997
8517
3849
6793
117003
111198
15221
102458
148989
186442
126050
16645
95180
12412
102503
502879
58606
6142
2893
113489
52609
5179
107610
46789
3309
162050
31405
25566
172741
1016762
116252
101567
199817
102527
123087
618
33032
72516
118993
57127
12911
55271
8112
127194
21711
1222330
11781
10529
800189
21259
8067
35259
120156
301996
12236
03209
109077
128130
59711
121763
31
3608
31060
8111
19269
181389
202406
49567
61453
35898
87280
123184
101803
31476
99764
40699
49442
6000
174273
11175
202
411671
126918
11494
44148
116035
229221
61326
100742
1121
139952
5399
120208
92025
19776
102050
33073
91667
9206
1516
14067
2018
1045965
80501
91249
122135
14977
23065
111679
121928
21927
50086
91929
61553
24507
192094
6890
111498
91268
4050
10009
45110
123927
101600
121180
22447
39125
30509
23575
17565
121766
81321
3100
122236
113066
19077
1022276
80577
101069
54578
953
6260
1035513
125984
112036
220
24599
71908
121636
5973
9311
145156
88677
6255
17277
129456
22039
95651
120717
169663
111109
59818
24908
7661
116399
123961
21061
71820
111681
22821
6231
42200
75474
33732
120262
12050
56962
122213
92319
91373
22239
150079
48378
12507
86277
190167
41759
31368
122019
81616
12833
111777
16754
112988
180657
67059
39404
20053
9127
11962
41878
97681
141160
125499
102064
125932
61559
3330
2199
4535
123175
41406
90701
30319
13255
9315
51326
42706
7788
22450
107
14602
25976
106715
106696
865
110095
80095
36763
30016
31081
56691
413084
136172
112033
119143
102050
97903
22034
9315
22269
121672
78804
4607
112428
141105
5360
100875
111023
4794
121196
122051
100366
27782
24173
91768
891630
9472
98159
114665
9384
13165
28281
152182
200690
4457
90075
111141
5617
100647
70007
70952
119392
15706
121895
22586
44567
18391
22449
4774
19925
80195
82980
12141
22859
41245
1021
123379
128491
22700
129990
79310
99060
3525
202903
71571
345
61875
23016
8592
100817
140080
3453
90460
91524
141156
95803
2113
151465
99323
80758
74803
180581
70326
53160
3691
5848
141145
50473
6244
95378
14586
20155
62043
15106
42294
31294
97640
111907
112654
167590
7452
24100
6936
5354
59256
42801
20219
50372
5941
61151
104338
6718
90859
228307
42113
9348
92708
150676
25261
5505
315869
186217
5121
20307
30807
116450
120208
112655
79986
100515
20017
55610
122741
113111
003110
81055
111187
102052
19968
4211
6101
128402
158269
3578
35341
7974
123681
112587
6198
460
1189
33004
121204
91281
150283
100996
19991
46022
71036
6016
32590
99942
2539
80603
101248
121922
33123
63070
12103
121216
57212
108071
52100
120399
31930
111527
124177
52579
1032009
95578
120749
7881
12916
3175
72367
22176
121120
122075
122185
10774
9184
130051
9663
14121
62863
127778
130077
91271
48013
82998
13280
5619
5226
9115
122550
21268
8381
13556
84657
129627
72042
41683
125561
40909
39134
92502
90154
00554
62264
42066
31871
17463
122476
92401
21569
3425
5580
11586
22066
122203
15746
32429
2285
15213
192713
601802
124497
3930
9581
9510
195514
19955
122506
11175
85113
4631
8449
4574
43372
10319
20155
23377
4287
95228
90000
103787
130168
26490
123158
143270
11735
104425
20027
31010
121041
114794
43129
4650
118623
5232
169439
70101
24835
121018
70371
99861
110005
97808
9104
95466
106337
3477
12509
7483
754
151009
17105
41268
12479
102522
111684
5171
82567
192331
101676
92398
92941
4774
20703
11975
70537
9203
1161
6282
104613
29801
39733
117643
30216
21119
119692
148786
17969
40916
198521
69811
2257
101821
81001
5853
17765
195564
210
15069
4194
52618
82719
2612
71116
54537
61316
55972
75610
29906
42404
5760
21336
92775
10170
94762
191176
190074
60940
81766
117260
120046
58112
142970
9275
65998
2649
11889
17657
117774
8823
51106
106196
2374
41593
112037
192382
11310
1165
42760
24009
4887
6626
11676
49425
220067
94080
132634
121618
90158
142458
7029
11002
53007
36164
112148
23802
81004
92101
32625
4624
196522
222661
10656
102095
33025
42306
82785
112636
191701
2264
131569
5329
92856
120199
111096
42371
5255
121647
80986
101001
115907
101281
19811
100107
20370
110067
31060
112707
42370
70657
10632
33255
52069
52956
112078
3036
113041
12122
38675
119881
4515
8268
09694
10
41988
131032
4720
13235
23660
70301
02661
13110
9946
93622
14501
5198
110265
14677
23067
101845
8355
4783
1233
32100
175271
13472
13173
104986
161466
109988
14525
11206
103777
60367
119980
8569
71157
116998
3205
122529
31127
10594
13199
100726
283010
23425
9674
132554
35388
57213
182189
122562
01696
5860
104788
21224
111556
20906
6451
17230
40262
168970
132194
36992
16722
3451
102796
81211
102601
101955
14634
17594
35153
01000
111206
111236
61906
57065
8260
51539
42937
101651
80171
124808
985
203169
21299
3765
58647
79887
42473
3471
35935
49786
31011
21183
20390
36365
4478
40960
140922
32753
132560
60136
6216
88498
36462
11497
42014
133261
19403
100604
4120
122101
91816
121820
13421
3332
120289
40079
6679
1024471
121126
42681
13961
111289
16179
129503
12486
19888
102567
121167
12996
111142
41709
4355
630
30169
813
3493
31268
4892
62923
51141
107301
10683
31856
22147
7367
112379
3439
6888
5431
4259
30075
72011
32734
123236
90310
20413
62359
127296
43669
145360
123915
121826
35569
23913
21109
30387
46244
74877
172962
12164
112772
112640
96921
34125
112099
192940
12203
12875
9597
128212
119777
70899
11217
51206
100174
7298
91285
711
81662
12243
30730
13100
18655
1010365
45032
201653
102993
12266
8992
93231
7678
121220
12080
51199
18825
33268
32420
80180
6039
4046
12495
130062
157234
42975
105774
12926
2678
111048
78260
8172
51937
9220
106091
66477
124
81582
24140
66216
6283
83969
126537
15714
24117
7223
122675
34265
5952
128166
71119
40002
35266
12016
138075
3292
7313
20437
23864
42956
172926
53877
4581
112071
112539
1875
3246
28458
11019
33007
101019
110129
25103
4391
119728
124111
61289
99666
4335
101420
91226
23321
32054
148249
69678
10496
39597
55695
91236
32357
5896
112629
132206
50643
3191
6065
20106
102093
62569
102649
5252
5203
102949
110137
50888
122195
15197
112857
5486
94275
158394
121528
40780
52133
125990
81895
23084
112867
3099
15118
8878
6538
0438
146101
182484
51177
41037
4919
7154
92509
110311
37340
14390
61106
6898
43689
3632
112330
119896
190412
123126
129412
16123
103905
97272
128913
25130
101427
20874
51107
111495
20123
60017
118996
18624
8846
60174
100027
120500
5592
102896
112919
23442
39844
1318931
50833
71205
111155
69798
136644
101708
20425
107501
132796
20549
5591
`168
12966
111316
123689
123418
32145
89179
194166
3588
132064
111903
62151
112882
4748
21207
42692
48201
111301
5400
12114
112967
138263
40911
1219671
11155
52273
141473
23312
4070
178066
120976
111933
30187
75768
93044
99123
2061
123270
3116
10226
49163
12294
56207
6344
121093
32966
37378
101473
14101
42795
173114
122124
121232
10538
160566
5599
103736
54503
111311
97147
119829
32334
81538
5708
2465
22100
21030
93841
47110
18905
78062
7239
39579
22036
8680
104019
130454
2279
97994
113660
17096
185981
1206
96112
1000160
8083
193616
11155
69111
117733
42105
123149
3960
21708
b20
115592
113411
7108
108490
123824
191594
7221
105761
116966
39979
35529
5010
41024
111867
21914
73197
84238
82205
25157
122416
132023
3074
80061
44308
90020
196462
22596
21944
9376
61210
31047
30900
5953
5502
27826
30190
91260
61753
197799
121908
15617
11659
4651
22242
59982
632
12713
111260
3711
4457
102506
26186
101184
44992
121605
5803
86069
108118
115894
44149
12450
4766
71329
29972
12000
92100
111909
33236
26190
50426
59250
63096
7041
41001
70145
53947
112115
3611
6595
191569
15608
23019
111706
10729
101940
125110
50770
22259
156338
29160
113805
113003
127725
11184
51260
12100
32115
19273
16358
20400
149637
52091
101581
599
20678
112603
81251
21958
4999
110766
9282
7211
136350
6219
132203
42069
1961
42363
61800
9837
19827
120990
5167
10374
100080
26005
30256
10068
21262
4691
107729
89033
7990
102225
101604
61767
111937
81535
102690
119984
3307
@993
120087
124349
15131
81183
61213
5609
103725
111799
31311
41643
17149
2245
1727
111217
3996
10130
3776
18964
27702
19180
138253
106476
42025
11042
191158
16876
172822
11264
119663
12031
110726
56761
191178
59184
119504
9109
15068
40532
17349
200375
4186
151734
20810
11223
92436
12393
6496
7181
7774
41291
123566
5867
122266
21003
111975
5323
21513
42889
701945
142674
16507
122611
1039701
99713
10370
876
154045
85367
82740
121145
41955
62280
42018
126833
61165
59890
112940
17036
110962
42641
30441
48476
121478
102419
4299
31902
2119
3996
102102
160720
120191
147182
111548
71813
1415
11168
107790
5027
13150
191910
120672
4855
41121
1120069
42642
72704
169216
62171
123108
31074
83090
997
21959
7330
64175
12852
7375
92068
11472
127491
91638
50624
5340
14201
21277
42555
30096
96334
125961
129733
44725
74984
110016
69346
123477
74605
31590
72246
7181
92207
112810
4359
28543
128580
40167
4277
14517
22273
3065
53181
1199
123776
112044
63922
14173
3766
150970
162354
410000
120031
111021
5160
34442
4860
86770
15879
128872
59127
108281
48291
1575
12423
20065
1206966
122902
311
57995
42513
3080
4165
90074
12460
11064
51341
23250
43337
22167
7085
63001
10215
32819
132397
110609
111979
22294
11134
4126
9455
80985
110498
203372
22803
30745
1211
11469
112747
102195
196121
1100327
32368
7124
133448
3657
42200
188559
191860
122263
149669
94299
104598
66616
25209
6898
119754
52699
5538
42817
193830
51056
53083
101567
12763
19498
71978
124321
51355
15430
10703
21196
31215
71057
32300
110307
122278
190018
14180
141036
2841
112869
19683
87309
32225
100077
61395
62966
9155
6699
1742
5495
111134
10640
31099
18606
122046
7613
120215
4369
21198
126743
18111
6461
65142
1116
12024
43026
190801
3115
182254
68147
111097
78799
195841
131251
12360
22962
42164
51326
20377
109052
197327
84170
22997
58513
11236
23068
2685
10200123
6814
72169
122375
81365
92674
9260
28344
122263
71590
88555
8875
46050
32578
40706
191056
12260
120009
83208
103664
100755
19195
2068
33069
32974
118315
120155
121944
57962
3185
110155
2976
129065
51151
3150
20326
12001
149344
129218
89011
40209
7986
21231
7517
145199
61214
93888
142212
11099
81703
25693
61956
53401
32195
3404
42075
155065
80778
37025
70266
131995
12113
85749
119877
15657
20057
5866
150317
21075
53105
5526
123635
105260
12486
110076
138494
4
120933
705226
51298
112266
92142
9251
24344
19429
20806
122479
282
50292
22368
22439
50286
60586
107471
122089
2526
12284
91667
51776
104138
13072
105290
12109
80042
11653
122058
37939
13136
101252
743
112965
78130
103791
20050
111297
112231
159637
10280
189927
9657
72558
35754
161870
194064
120101
1914
128583
91231
123260
112110
114914
131019
122973
122963
142087
9611
121616
126635
13852
16202
14891
12271
89859
19123
67376
22654
121377
110157
802
92088
9455
121984
21813
68215
3721
122559
86449
128826
134529
90509
41302
102754
50266
80696
69481
111645
7166
122724
129662
29946
3028
7656
123759
125355
1222276
6520
19621
102981
101756
101322
120751
15325
103247
58942
12699
126776
48916
30088
19151
7859
101413
118815
101002
59335
123490
113008
109013
137365
2543
81931
105156
127615
121102
10781
4708
9955
7402
193155
122085
81514
100167
3951
9203
82107
3065
122767
181198
10081
142867
24205
123821
5329
24861
700783
10921
23055
7421
50871
4188
91715
20006
182637
70190
70957
192376
1062
7193
142981
4217
3051
61592
42346
12858
24265
128214
82674
149723
44563
65533
57309
26436
91869
196430
4772
141853
2575
32187
18187
168259
2812
32277
4167
4887
106251
122972
32620
930779
4530
115396
144378
110664
20612
134477
104365
23017
110999
91155
20104
142496
50986
91398
22127
42161
23402
3177
91704
56232
120650
86552
12119
48890
21797
72774
80276
122104
9996
37914
90657
30187
5381
89077
120037
9756
120286
74512
21131
193305
18013
84898
112517
8299
110343
6471
60151
72413
14255
110786
71967
191320
103119
12810
111830
123286
100055
111614
102382
15289
82604
112770
122062
8221
3296
7116
72731
112129
3407
2055
60365
119651
89065
121211
12023
4204
32966
11014
110950
5205
30014
4710
194465
71658
88794
6102
008196
9198
137446
48255
4357
141579
4626
92778
119163
32333
82071
121498
30087
122684
13040
126905
196917
80860
15728
4397
102489
5656
106488
6275
81111
111696
32120
15184
708240
52276
120053
8013
91189
4117
121994
194950
20363
120814
22662
102665
80640
9842
125267
52178
12696
21957
4966
116205
48147
42671
29433
49217
125870
6266
1126566
48883
218
110477
66112
102656
21564
6229
17960
53573
98507
77234
8112
123159
61559
29791
68565
50203
72162
42267
4479
11095
31831
12888
23270
22387
2719
49780
83083
3626
28043
10032
113199
32242
4663
11387
32399
110174
97317
129095
42259
140381
5856
606
121970
7729
46217
11837
121456
11304
107923
32620
111230
121495
40370
21803
4264
52000
52590
40178
196579
19978
14717
5006
11835
181505
1128977
80728
12692
12711
132567
33969
45616
82205
95909
16231
52068
121183
121786
5641
72658
18812
42038
81012
24460
110098
1002691
37302
102098
108164
141151
22034
70300
9879
16097
150011
41184
150766
123010
122005
2025
111183
6541
11598
42523
42761
51031
92477
192154
33069
19317
91308
61058
138119
18759
131368
199299
19169
101473
8134
9961
123151
6013
120102
143876
81168
6221
69504
61009
42126
40789
8715
7194
800519
66047
101968
121286
10873
129686
14198
102893
40250
107994
124555
193868
1031311
70413
39319
110550
80290
25024
71992
80766
82056
18915
11711
103395
8466
18188
6221
112791
81301
102766
55189
125994
13206
93022
19019
12171
9126
34375
53541
42283
11022
181029
42113
97748
114155
27236
47669
124952
26150
41677
118665
111270
5744
43210
19387
821202
110701
55601
126662
192806
123503
18681
12276
133271
24251
7571
46950
126107
11662
3801
110974
4034
210109
41
4432
192634
8598
191309
8818
122366
41248
8240
192699
122159
10212
293
105044
161136
111883
120917
15244
84308
1112513
1954
70651
9482
82107
1213129
60451
18009
40267
48254
92102
4431
73784
111773
77343
89661
182076
3757
110665
50187
132451
22510
10067
40112
123314
12910
51382
118026
162961
3246
101089
50259
140020
41896
14137
33460
22019
14912
41646
36601
58310
82655
119270
101777
53950
23551
12662
6259
62
22620
12368
111196
8274
122157
102006
181785
8676
132507
40454
30587
199913
194570
20169
74479
116119
41607
90134
6212
21029
18524
40567
146197
100103
199484
12236
23334
150992
129768
9276
189937
112981
117022
10153
91899
92089
184284
51839
43174
12269
6347
42367
7778
12197
120968
9473
62603
21888
17661
5200
22995
96003
130370
6697
128690
56092
31696
121296
111017
120068
197912
111288
109651
169639
40502
61117
54885
2636
3437
111114
52191
120687
71738
122333
172624
6451
43257
93222
11003
192301
80227
141369
143126
3812
43423
76076
11080
128578
90615
3052
1325421
41193
2939
109279
31076
12717
90470
3317
120656
142376
34859
10203
22233
197255
70613
32191
13522
190987
111271
32902
18684
62815
123786
168346
7436
21820
4635
119699
13030
3413
1195
111997
29835
109173
112569
82986
59969
41110
21135
102725
130289
13266
91211
124765
2883
4269
5984
52252
121100
86997
11176
172731
110396
113077
16209
4236
50260
31431
71596
110398
12927
107233
91360
8673
9351
110462
128413
12207
81293
50230
11468
8421
101607
116679
11100
71444
103591
210218
23796
32302
85005
110976
110015
123
100668
121179
114566
5160
10928
213
60185
42013
31015
120050
185067
132625
61121
104
111977
63625
7833
111998
87246
696
110439
81016
30368
11096
1201
23102
196375
34184
101225
21014
02112
122114
100768
2154
1502905
3817
98108
40372
71131
113742
4223
87131
21251
23170
8030
40305
11946
69539
12140
41209
364
171105
16270
12739
1218
47100
200776
6860
28239
3735
2014
170267
104971
4179
16905
124075
105922
20980
141279
106928
72039
112427
88986
60024
2216
42565
12215
12136
21536
30861
33983
30503
87108
44182
4807
172975
176308
105705
70330
92777
2015
3273
115763
101028
12557
100723
8362
20246
87635
4277
7392
48120
98240
112096
66808
120345
117055
92854
11291
109613
4987
80629
65229
6931
54920
121756
43641
62544
22344
2498
111196
67587
21108
125473
144263
121721
2407
1010705
1869
111659
812224
71989
12654
21196
18965
41288
9200
31180
81890
32117
51259
22351
14233
139772
42356
69
101920
31660
12054
113749
19455
30596
51655
124966
36016
232411
91664
38912
2283
03781
1214
59468
130633
111710
91666
41
190304
92467
100198
10625
102962
112716
129697
82425
137133
12457
2112
60132
50180
578
119686
16237
29126
71164
64105
21334
41064
3822
2859
80528
31151
5564
99412
132400
52371
3512
106406
70515
169421
128657
99500
120706
12268
11715
07417
41106
12504
3231
68074
41772
9986
25121
22062
9692
92123
128246
1111
60287
1435
31105
70145
109134
31758
121795
57752
92683
6917
174396
112949
101691
133119
72002
112232
31704
11250
66341
188344
40184
41533
33485
100317
60606
19178
166661
121222
100505
91721
98005
124059
127249
9141
62582
71051
22079
168988
16516
19226
92267
7313
18772
42070
103606
63783
41626
10170
32019
122789
4689
22429
139663
166550
111944
7217
9966
114411
62310
00348
50729
57724
111960
32575
4215
2794
110251
101567
116001
110904
98063
26367
52737
62115
16986
4487
22177
131217
57118
4867
122170
101197
179837
98616
113049
12122
129554
1020210
33369
69961
129423
111816
12831
33022
30638
81181
131101
180703
70104
68002
82193
32719
106554
5827
107773
132275
80156
6561
51711
64983
14499
097725
11108
122476
37176
151132
111715
10403
125278
112011
7651
9898
32035
104192
22721
120032
120264
23502
112064
63273
11146
16987
19394
812
32777
43009
111237
1133
8272
40945

11973
60170
9685
97257
63113
119977
6990
50465
107663
122961
117748
112220
11107
123295
93557
34603
89870
12343
22375
111965
5606
18184
73002
9861
17310
17625
193264
5779
3502
72298
26951
15176
26187
22371
126820
22144
2159
45123
6974
51766
102223
8503
92418
42517
55134
5875
1010019
130144
111656
22970
124959
98400
12300
182936
100799
42058
160286
6170
3573
51521
119700
6189
21871
7105
11236
115999
962
72707
193915
80900
129099
122261
32873
42774
2052
80351
120565
21074
10245
186643
5462
192896
19214
10197
197176
78865
17273
2189
199246
9180
1903
22916
125093
119365
45515
131536
568
102834
6378
125230
34149
114699
89352
103629
98113
6247
100108
30863
100027
126192
200636
89162
42128
4035
19490
79694
3665
63569
58394
8508
83760
6160
120496
21039
4098
30501
116266
11487
14457
44274
42257
40489
1167874
72084
54906
6264
104762
102078
105978
117319
131300
18256
119160
72681
22895
22470
8461
106743
25745
1266
112682
145722
20971
4739
5126
72101
9587
118792
52235
76232
12678
40243
113601
10852
5192
32313
8082
19729
143
8530
34193
113860
108733
35836
5301
60498
101725
92750
108786
153001
9810
22732
4263
22182
13227
30796
3655
11936
31385
199889
100725
196165
80783
33313
32237
119004
50124
110691
119423
51110
7280
32889
20111
99169
20585
40257
11021
196327
105147
129166
60174
4257
94298
123979
25380
12281
197539
23064
70808
74060
80887
129703
8420
12261
13601
116398
71401
129631
120440
21597
6197
81999
8888
72236
9713
122592
1191
3391
35975
111756
3454
48474
71201
15250
99579
02889
31851
192260
91798
21775
82156
91950
7889
3184
97989
20801
30145
1210
6417
64272
107539
30993
121316
23713
4440
6233
10346
106308
83971
102297
18253
110989
20668
103021
140010
119576
15222
1827155
31973
20263
11063
123100
31466
61219
29204
92653
90961
112986
52053
122513
12594
103216
30119
197260
93071
6803
19317
43745
6414
9494
12381
45241
61126
7394
192568
11741
22116
190061
20455
42578
10161
26699
103026
15571
183106
21316
209064
192595
21469
130098
42649
42673
20270
2931
7466
96664
6198
7104
113696
42757
106702
31646
100902
13501
11627
36786
121705
39648
7221
6539
13990
11101
23158
8026
6716
115141
118309
15803
61107
15610
122062
51145
25350
82857
195176
3080
116091
70409
120495
12414
174025
128556
80625
31202
712567
121939
190335
51010
10208
11028
7220
12392
99898
2599
46305
180259
17056
119077
43979
142276
75066
14199
47324
19151
105109
3275
21219
114613
116998
6465
56023
110204
96058
112766
71317
12038
142561
200570
72785
122066
204610
12372
151158
134407
42266
49421
98729
13676
10830
11501
189060
102212
81679
112176
78759
90020
129821
44146
10486
151281
122250
110699
102587
31065
6725
13304
202341
42631
57378
141571
7264
42475
4446
2519
122813
30029
119351
42246
4777
129431
20166
78436
84385
28986
59570
23560
115239
100111
30307
3280
897
60652
1011
69315
127202
99801
61424
130081
6898
111191
22906
575
108396
121097
172627
32102
111436
88862
9753
121261
45016
140796
20406
23098
40135
182727
31245
19681
19033
91283
125126
11551
590
50610
74014
190305
129672
121116
99096
90512
13102
61985
41916
56336
101060
22816
115707
12153
9352
94656
101218
62076
120791
101771
14167
182562
43115
7933
109069
5255
122863
14115
52955
92039
70670
150291
18135
30445
101610
6569
58019
3254
400077
33475
829
129717
121713
101609
17273
105236
37082
119450
22566
104156
95148
21972
42078
116101
10926
20114
75606
62159
6973
121326
61709
12761
12872
82104
73453
42404
102104
30085
30279
11471
180454
80710
141376
13520
93471
20331
94036
199434
51476
27224
201686
82689
8546
18884
110810
174164
40010
12324
101179
96715
28273
4458
6085
123111
3938
12669
152321
87406
160202
152288
8242
8045
22576
90000
21184
81658
21787
101159
15624
111845
112618
197399
79291
34145
22078
21870
194856
11258
28331
3529
92930
91036
82557
1117218
919
13509
92069
22340
61755
18647
196716
137309
141292
78103
112610
5830
305255
81477
40227
191149
60919
11783
23072
122619
119276
101566
121607
!2818
17293
106328
3751
122834
160378
3015
90962
42716
9890
52687
40690
80560
120052
01772
112957
1191
112711
99310
45663
98967
18974
22982
101362
101397
42555
69269
16299
1032791
121044
1006
88158
20362
93699
120701
52366
1400
6592
31099
111019
45163
123565
23315
14688
130274
7559
24156
80367
105134
11577
32176
29779
102508
198305
161037
41920
4210
121291
113429
1102202
5270
164716
20275
11141
27776
91150
2212
12048
123926
45841
96049
4121
112487
40790
141407
30249
141110
110097
08942
121949
138270
200475
41581
6764
5553
14764
40067
7223
45415
03564
12852
120575
71256
61047
42352
4349
4311
2011
28218
56046
19627
133189
101837
9156
115996
73554
49442
9333
20029
31927
398
12178
5460
5271
7283
116106
91665
90708
142001
022276
22386
113775
40623
113375
11252
15513
11590
20519
13189
195229
12162
13211
42920
65282
61986
916422
4470
38057
101262
193044
8088
63112
85289
14192
50666
51153
14712
5918
12010
3267
10722
119875
83109
7606
102204
1095006
11367
19169
119402
129904
49
111387
5107
52362
120921
94572
100601
112012
128615
6426
120519
38099
183104
10125
112941
76615
112586
1004365
67453
62257
7915
8439
173788
31270
12813
18910
4799
105096
12501
122279
51259
102767
51150
112090
94834
50691
81568
2013
3885
51064
3712
50813
118221
6205
11729
82556
70042
5258
19932
10169
22209
91071
190547
30702
4772
54262
149725
5283
26171
96685
44166
52699
8852
101109
5791
43015
57272
179954
193279
110009
40389
111366
52655
82403
12766
55421
131167
986
84455
59372
118590
136011
6268
8101
40570
41254
121641
116942
99183
37274
121076
125141
37099
42662
101152
9116
122917
113132
103793
11982
152459
101951
8301
125566
86431
122331
199461
91269
1001463
100962
12012
53780
182360
31136
161609
3809
77030
62382
6126
51070
70665
202135
30008
182467
9450
11067
2102
80001
7486
51684
7732
52456
12986
46023
428
16114
5272
7082
405366
102468
3299
50911
22169
50459
9792
198985
111091
3076
110135
42814
32189
29365
79600
171316
81318
11267
2712
122414
190697
9566
111881
103666
16315
16184
15923
42002
51342
4689
152062
126080
40110
111327
42812
42327
59136
20052
105195
02165
101976
32976
12085
20162
92617
84287
59409
64294
2178
21998
129190
22608
19198
35453
72336
110797
92743
63668
6157
111166
101662
191966
4704
21010
21193
62851
11227
79992
111969
117213
21681
97186
120078
46365
21091
14516
81740
120286
114068
5748
62857
71388
125125
1021762
97167
122876
123098
23434
113706
27657
110519
42446
94049
31186
111065
92330
32105
61784
41258
119763
106262
107112
120662
109579
26258
6819
122770
30372
5111
30966
60411
122940
100466
103235
56041
202159
18983
20200
30992
80796
122562
24434
66680
23496
21126
7216
12779
106839
5205
109082
58020
121976
2209
54
132287
10546
119801
33288
119160
111974
110129
59144
153719
164149
151572
4101
112246
78993
2441
91062
182159
98267
42352
123966
3855
79697
91699
120015
20659
68809
82967
b2118
111513
119816
4272
41743
10004
97793
112664
42677
7152
112748
4424
16263
112015
70291
96279
90533
91470
14296
1225929
71641
131138
123151
11260
41668
111322
21783
182606
19960
72
69317
82173
25850
143899
103275
81686
90720
4301
47350
12904
152978
48885
112065
55887
41502
8796
403
6655
190266
90636
19960
4662
2260
1289
223403
122012
6581
4585
7002
19167
69969
110839
10859
30999
33879
7091
81274
112761
122432
21034
51288
12160
31157
1112960
127281
99861
120380
42169
32072
101673
8776
99280
4199
101188
51992
30020
80421
1129
32419
11965
110489
67194
114234
3265
13394
6319
96126
1293
34776
93366
3214
131876
115414
1872
191014
4951
16508
122482
113249
102869
19965
21906
19626
20096
47740
101159
110284
40297
20655
62311
11216
1122279
62219
42547
71056
12259
112064
12195
52149
129713
11644
37989
25958
123697
92179
91530
21111
101746
131959
3103943
70656
102208
3102
50880
80256
40330
103298
4284
21219
93646
62079
973100
4893
20186
121783
12695
6225
102304
18606
20339
24519
2599
123256
110030
63591
119610
444
658460
4333
8861
121969
50290
115944
121948
111335
51167
30400
23097
28162
111286
99253
5149
16516
36469
2692
157572
107573
21372
107567
111525
116399
43279
62010
30127
67629
7311
122469
99739
107061
22000
111575
62690
3312
59207
4566
32967
103612
106432
116492
76471
4880
877
20602
10109
192
193424
126987
92742
32103
42159
20450
72503
89065
721
20283
162367
17628
11149
12011
191903
82580
173646
14181
37561
11721
40310
176817
122947
38213
41601
11220
101204
8098
46605
54440
150266
110876
42840
61383
6276
31183
20241
4495
60672
104601
116987
22233
8197
91713
80009
100045
5645
180576
111469
49886
41466
10138
117165
116372
7464
29247
1550
161738
401912
813110
118974
1211
125741
33059
121447
70272
11375
111238
7252
106362
66264
11818
40104
63876
7722
22756
1161521
12176
117462
123591
101273
12509
24264
3461
110576
12549
137101
78753
20269
104842
2157
48264
34701
20277
11129
80963
414
5817
112751
103783
113128
68842
21319
31585
108812
32133
112572
23190
55281
15753
90628
31289
5202
7474
183069
30965
41924
12465
130120
41400
87119
22150
41112
112254
4819
47196
71007
191623
0107
62442
7009
7802
109766
6962
60895
100047
123037
66563
6967
202454
16518
7919
11202
9759
20402
195817
190015
100089
30212
9594
47961
101148
22941
111335
13315
811036
19376
191001
111502
122815
111258
123231
11274
111006
33231
3689
91063
2109
19607
99983
5510
31567
19785
116166
22010
12701
133453
7255
81976
12830
105611
66699
4445
19780
50560
25780
4195
3558
91740
139716
208751
22369
26009
72223
19705
81706
52079
6016
112429
33764
9650
42306
26199
190183
102179
32739
196253
57761
115600
194727
14136
129936
100113
52420
10587
1842
31602
22100
50905
90471
63316
184961
100377
21184
645
73814
17814
45214
140649
46583
1141
13818
4117
52791
110981
22571
190772
87505
51885
122557
1126776
82580
22073
60199
115708
6649
121345
42167
111131
2017
122628
20945
92983
102406
106376
80309
5297
142263
68742
41473
123052
8885
7129
20243
98987
121259
8485
82903
92796
011
61410
72782
9121
21146
20066
110324
23046
101193
42981
119178
4717
196555
19720
129318
62606
6127
5667
120359
115064
39422
18101
36779
54531
140416
104278
124017
1163
21994
101704
20955
69579
14430
71621
70235
82485
111986
124363
222700
121046
102646
106621
120527
122061
8449
47000
66174
12291
41268
21075
40708
19669
48762
6261
157987
70179
113336
210
16175
3457
30655
80100
93403
181900
11792
73865
109635
81905
12721
77311
190089
51786
71432
116027
96961
120690
109444
130574
22337
21106
62180
31908
112407
22102
11966
112613
21807
21858
50766
3360
101925
12015
44445
70614
122119
202990
40
141000
6158
115674
85825
84487
103380
43700
13741
4220
1245
28076
111111
131703
20270
9778
22007
70005
196105
5519
3230
12218
162774
9958
4852
40754
61159
112263
117079
352
27960
17822
19870
60005
11005
42797
2024
80173
109669
13457
7205
6336
103708
123315
141902
42202
42336
62803
106513
4145
109851
38203
73665
8589
38460
15681
3568
195119
0429
21499
180279
124196
60586
61520
21721
211735
71511
113311
1104881
82091
26209
58639
81417
135021
8044
91083
15105
100961
3201
192476
126386
12018
11237
106616
101613
70222
50549
113118
101819
10751
62564
59020
18165
142706
23078
11701
12157
42079
61267
21195
4143
38877
4794
3236
42410
10028
51572
98449
11051
110899
29014
92508
100791
134531
113086
66577
14170
20880
39323
92559
1184
121275
121736
000534
121077
22218
68779
92238
60603
6511
40215
52470
123383
8918
12619
22241
27279
90031
8867
10268
11809
62900
52780
9799
32123
13654
4831
126023
31625
2665
90004
16540
1161
52674
11113
22516
7246
110690
51445
101899
7118
80070
40078
3822
91251
14710
56562
1102659
191043
10114
4286
2151
4904
20326
111217
117406
107691
81001
80018
42555
100116
42829
21380
48371
41228
121506
193626
117012
112053
10295
121277
1263
22509
41630
128607
54596
9731
20301
101022
8054
4703
102691
12299
07801
11916
808
2224
411342
136136
5439
3847
61372
011034
2259
109119
119226
5854
32012
11018
7000
9363
3366
88556
89375
3794
90402
99748
49718
60810
15604
15614
127155
185897
17209
103457
12148
34480
135445
42599
24289
10490
121730
77662
101812
112169
9929
24008
9251
100002
111382
50175
122784
31407
03056
111096
122270
32703
4357
63001
6769
121904
91771
196573
35942
124685
101132
66240
14807
100019
142576
9474
17514
87816
115649
31160
93934
18306
61938
117049
121105
92302
112759
101175
112787
120913
6231
30478
99490
21256
22208
4207
51411
4612
40280
20366
111698
42227
101099
55773
5511
17968
31372
30195
3349
127632
120037
2245
22213
86756
42002
112616
82930
62887
2656
100019
91883
122663
161682
41226
8615
10788
51168
23121
78558
134000
120031
110205
11808
111059
51671
112097
99746
33159
113011
114661
115420
5509
112111
8060
121737
183277
202742
9184
121216
34154
33884
61020
9514
113963
4992
90495
121560
22323
6750
196194
116001
3719
00154
121689
33809
6149
5086
02077
121157
12892
193217
100025
39097
92560
127085
54
22148
84842
9749
140142
52150
420795
121106
21231
116271
6732
32066
30467
21379
42234
60138
42507
14281
492
195685
99676
3255
111810
51666
82172
100259
161564
42168
176279
124713
113476
32167
35118
4135
21167
107174
116596
52438
7121
23210
189585
97366
45697
77606
117631
30610
162863
42068
33224
81533
115660
43780
106992
89113
15546
32739
4261
101502
22423
11979
820
17127
17863
1253
121246
0190
96701
651984
123212

22012
135615
3766
21215
12112
12890
75462
50794
8257
119052
43417
110016
5517
7289
3310
2225
22267
29940
1202209
26017
48244
20483
3144
15766
30686
112835
81997
50065
41172
8076
15161
107016
30007
82017
104060
18510
8691
130307
117338
920
31017
82259
111269
811
111675
122
121377
20111
12569
4226
411015
4413
18915
182874
12635
31062
101482
1361223
10363
8206
129698
50079
125893
102271
4288
13012
122756
125609
5874
101907
3220
4286
34705
7260
43184
152921
4715
20919
101312
12816
311968
184902
10601
62187
3417
5574
113844
122195
35212
5178
22093
2658
52043
144696
34259
300702
6127
102894
14862
32047
7367
32163
190121
18764
91161
140476
223102
70360
11446
56976
17431
157051
152767
14844
111766
28463
34070
18959
112027
24392
6108
80246
5576
50790
19483
11806
182079
72096
27621
11747
26721
19045
199986
122315
125290
51704
102197
700881
39031
46121
1210669
16500
10569
102701
6669
10521
126369
71216
250378
112223
127737
124686
20413
63950
1021754
69792
58491
24727
12418
9964
196970
170057
122250
115271
12254
20110
1534
2840
121729
155169
108652
22117
6042
198088
7230
131233
124009
185071
119031
21697
12629
70555
22060
12270
61996
95066
79319
56450
63163
8831
93097
20975
121501
7001
42500
12383
858
20743
103012
962
32531
50296
78278
9016
7700
186838
119116
20128
020586
89791
8050
8550
120476
62844
273
89015
111160
121044
106157
122016
43820
164458
40031
6252
19485
192101
141025
19427
41026
96394
10236
109024
28049
11177
6445
29518
44113
4825
23777
22239
71133
11297
141094
105337
162478
62874
82577
90015
18006
12110
10668
11860
100977
6017
3571
121203
3997
420
20561
122034
21510
126361
120016
20159
6183
254
71025
112419
11023
70474
17240
131630
111903
41477
2763
125807
105163
90156
11088
14229

109585
9380
113260
8012
112205
140520
27236
167158
6140
30106
70923
01271
101153
11713
112632
40725
1102654
15693
98291
42292
125591
31447
18070
113766
8312
124642
83949
99821
6329
6913
121222
120129
2261
8118
32160
112725
21667
20121
209939
7665
7996
8496
191185
4132
2200
102124
11183
112096

1000290
40440
15288
72201
23402
92117
4834
1229955
191620
6027
161166
40570
60598
21258
125769
51379
14242
10125
124063
4455
19001
190149
113047
114971
123498
59608
101790
4298
117042
41927
69666
152130
95335
62816
61259
50581
75494
13101
111153
9816
105130
28099
52927
43446
32457
112033
129367
8164
17919
67791
103806
110316
195579
1920870
7
103992
143174
67969
32021
65326
12896
21000
17863
55623
82144
62122
20984
42593
111951
7484
111319
16616
14587
60255
172747
115297
110863
120762
94617
73709
62344
4700
1614
110168
100357
4669
42106
3082
31950
70142
167166
70394
6683
20060
12766
111646
85205
102636
7402
01920
21
81286
124533
32010
123102
10091
98621
122693
6987
192180
111709
115272
40874
22018
9180
115569
195488
108736
50831
52685
2941
23279
183389
18767
167189
116282
121691
121161
98153
192364
51062
70599
7016
1102365
112324
42166
98878
98069
0518
8801
3830
59459
1619
52633
101809
2852
21212
118777
30090
101188
82434
32635
22867
050605
31715
22562
60641
207775
120145
02287
22776
81027
111097
20165
32268
72591
1294187
75547
6276
105176
20847
32364
93974
12330
1507
182173
81022
172768
27593
4325
101241
11500
86937
112256
29219
4423
69432
122120
6141
41314
22884
2981
37445
1774
123561
3349
14652
50715
4829
11360
20130
17155
90075
199097
99950
5715
87979
123217
19289
69270
46047
600287
28774
119394
110117
12297
72302
102345
12590
13206
12161
122151
121186
54316
123115
100659
1026
167607
12217
21865
81510
12566
92230
82477
042
10441
53717
51869
123999
116806
131559
123715
19514
42499
31078
21966
8216
6317
114688
19462
48532
7559
7364
81346
7349
121699
209604
122387
99650
92542
2216
20521
11103
122211
72001
103251
120393
22085
92709
126601
1029371
80247
11060
9909
97303
106821
71103
77723
101057
52980
101144
122033
102279
27681
44715
180800
526
57256
118360
69476
102715
26464
17154
22240
124197
21881
29376
60255
50287
60121
11513
121294
101925
13183
99131
80314
31959
70515
6567
11981
101009
6975
4762
8727
123514
51088
3509
35265
11999
14471
121293
4238
82426
5733
60870
1337608
120818
12232
119069
911632
101630
6222
13577
96410
15907
141295
9708
122528
11569
12558
6706
71440
3148
91230
41030
8509
112327
42335
30491
110192
8298
6790
41237
1028670
31780
120679
106747
106453
11923
121009
6201
194160
9179
10962
103406
43097
3273
52058
60612
49472
120335
9609
160240
3811
39751
62972
9229
4378
42556
28573
1210264
114288
120209
42733
104979
8344
67794
119198
125209
195655
109769
117477
15322
22119
6358
199878
70153
7535
143407
133120
98970
119924
5211
109296
101606
11941
29391
111906
81419
28525
31474
79666
122060
88971
126484
70091
100706
111230
112756
122066
26104
81349
21523
5229
116774
12100
15169
7324
31564
31887
123574
94290
8314
120174
6259
3582
20996
91579
4215
102543
1601
2770
121161
119171
19826
80792
71366
115116
42883
10196
010283
40694
111100
192151
20005
129251
4207
123273
11314
51600
1009669
110235
570
40263
15279
123498
120709
101667
191135
141126
11221
51386
60868
106199
5169
110660
18013
70008
11076
12354
93011
7119
41105
22159
22552
180144
8215
5863
62336
005025
106571
11196
124677
1213
122151
4252
59775
71268
27682
42001
3475
112678
91697
5812
1691
112760
101273
38574
52499
103112
83715
113911
9582
152645
87007
12233
8013
111011
101862
311
190109
6407
61024
5528
112119
102632
1130
74100
41045
8734
31595
190011
101882
9297
124926
97844
70604
10268
28851
20078
53179
95992
78132
3459
61142
104547
11042
124185
11411
3719
51001
12119
65265
110106
1483
91106
119656
221
101288
6543
10142
19320
121147
115461
19094
9624
190287
123143
8016
12443
122466
47776
58807
4432
7215
20273
11112
6345
117469
12567
21220
70732
12094
110081
92821
22501
30370
42003
90480
29194
60778
112753
15680
22277
18419
182565
15104
41263
12819
183666
51515
122107
50667
12919
21406
90414
127759
48053
91014
6830
70865
1993
73064
100972
14364
5378
101288
112639
51302
5178
44676
60255
6206
129575
117435
122443
12197
51069
112716
35585
116355
148204
19801
111027
13536
120
31483
627
30290
19359
91441
4836
90297
11000
111261
82259
7005
21545
119762
5060
111304
28751
19737
19051
102196
91015
154169
1534
"061
41197
9842
4376
41115
100600
91706
199959
21062
100368
10960
52735
52988
130248
70288
10454
9609
11727
210
11534
6164
72556
101901
41270
71831
123786
108676
170296
11152
7196
71186
162092
1138161
18614
42735
92949
8571
199386
207267
18821
11747
87911
002984
115927
2461
102185
92184
51756
91615
3271
4288
62079
27994
33168
2020
97656
120824
100777
142828
41997
199926
4081
17781
98999
101070
14271
91107
57205
3196
6707
51485
35768
113602
6809
11199
90944
110442
12216
28775
31222
34944
41298
2156
9997
42651
41359
43
55803
120190
7101
119239
71965
48970
2754
72624
62192
102011
61455
7074
3274
71008
56300
03166
9790
52035
19137
2695
50870
12314
85429
16453
100640
90307
39109
2586
58670
70845
186105
121558
9230
869
21019
12260
12556
14470
41756
83073
70013
131196
12534
15105
11152
1195499
110037
3897
54137
122010
122121
106196
12304
122709
112697
122485
10097
91997
41794
74658
29176
199582
125807
4610
100050
55664
123963
56501
20875
92371
1099405
9713
71094
119762
103706
32432
102671
10431
33924
3997
111767
31790

121443
20585
11
21568
68034
2272
107370
13018
191749
51001
1168
181756
1101468
110091
7540
97003
513
89727
91073
50455
112742
122848
2114
121291
87337
22186
122739
122041
101404
9939
26018
82519
4520
118018
101646
8941
12288
21876
126789
125666
101779
73417
7104
32786
420
55194
5723
20520
43144
21167
95566
68280
32581
101007
70125
1266
11803
51004
13655
102221
54209
1116205
71241
102379
81758
120803
4205
10728
119931
126270
125920
42116
33373
49316
106061
72231
33067
9181
19651
101019
120397
11896
68266
112159
101647
51831
190965
20175
102196
5692
101985
22698
130466
9988
5839
105764
9153
75200
192791
100308
99296
126016
105055
153246
12108
4150
6251
120275
42169
127169
5660
123847
8404
31188
112549
68376
60767
100284
82117
81015
21003
15443
12025
80934
82249
12215
125779
172856
81515
46303
132561
56999
8426
32260
123759
13242
127773
192918
24334
1922
112677
124354
22738
19974
6011
012383
110692
120596
9841
130568
112712
121034
29780
30657
112223
70302
3850
141079
17848
42259
51137
98175
151609
92406
113582
99386
121731
180687
51156
84665
40482
111722
121756
119918
101386
1117
109399
101770
30170
51803
139511
9625
31364
26179
44242
61082
12817
9390
71684
21278
12129
104991
162031
42301
105801
156177
60689
109682
02538
112088
1234
29621
6602
8096
1224
159430
124595
20785
15293
3856
80072
166331
101094
112263
31226
41298
91094
96917
12916
100062
91901
101167
4768
70054
21780
122042
19233
12305
112030
9907
101165
75670
32000
70372
90206
73100
60452
104620
123884
30768
9871
66172
12562
17979
110006
111787
9118
31269
7979
40841
251823
11474
52200
6151
105909
71305
34101
5031
167790
14196
25100
8596
112867
51971
17173
152802
124331
42813
40048
113417
1021106
4329
163696
142110
3645
21731
15125
22056
20041
101031
133021
111224
476
122218
173710
3219
126091
4814
80044
6159
182172
46780
73460
9128
122056
8727
156170
3119
41213
76693
51862
58490
6374
9261
1102830
79186
30151
212677
100784
94324
90383
42202
111166
107165
729
6699
71026
12351
42296
90972
46505
176635
108555
21003
89884
11006
100728
448
25489
11000
43475
150163
129462
20259
126101
6620
111847
109792
96969
95803
108621
10197
31160
1122527
59932
10213
80157
12786
131318
78397
10788
107247
119008
101636
21082
96735
69026
94150
7144
59175
48170
51290
52941
1023
193120
21065
122037
4213
117931
4400
62869
119916
121515
91210
52266
101469
40410
264
39800
108742
11816
50146
112169
111774
69171
58605
32093
70068
127075
11909
3641
22001
128565
69105
30959
10133
199905
102434
1017860
176149
31003
92222
32769
132978
127791
13552
71715
57773
59019
121104
17660
20231
114670
32965
8145
142524
119056
8401
100070
12271
11660
181547
10739
4235
112064
69366
21344
39077
21221
121772
22288
39360
134776
12011
82867
110177
159082
21802
907341
91376
90167
92077
3950
21640
90186
21921
12966
29109
15225
6028
120230
709411
106056
120651
10534
192896
01106
80191
9565
6678
151866
11618
91970
101563
101646
111769
41105
71186
4953
11785
74949
7325
14198
30269
57313
111807
02053
7912
94374
14220
100643
99014
10568
70504
57040
41301
121096
122180
78049
30205
1322
89313
99404
60174
22403
14613
61563
103065
126
192090
34646
22286
60151
82720
122600
20100
451
48635
99960
28488
96312
97368
59488
9919
40955
7562
122323
194327
187756
48563
5961
35541
62516
5993
100090
51219
112291
61912
1028442
46565
72271
21634
34294
188859
121717
113576
112622
18788
4151
116445
61825
120489
32312
12701
25734
42589
6746
5619
21134
9130
41478
121839
51264
120671
31173
102365
11951
40363
4061
15992
11120
111233
101694
170801
112602
141189
90177
113357
12213
110237
100615
21195
109678
11861
801385
9806
103333
50606
3433
111705
10622
122984
110855
4306
7361
22671
82787
70606
53599
120710
1100840
8264
103876
50316
120591
9427
101003
93135
7895
91260
85759
113545
195037
110681
30237
122060
12163
221431
32961
51024
182874
122624
14662
142162
82686
19878
14989
372920
82616
2593
89192
20720
32589
3403
2596
112068
194956
13860
131777
81141
35409
130027
12073
4478
19851
112526
13006
141369
30129
93855
8987
162694
10880
127214
1734
37354
52061
11119
111863
46104
69741
109858
37296
101607
28277
6372
125083
5122
101420
06364
1798
150961
4295
6191
6652
502179
3559
68688
22697
90746
6953
90051
101136
31955
79116
142570
61836
42295
79959
62267
33230
96552
29942
55274
40425
10089
83374
124306
21295
12114
4243
9533
20134
111130
120609
123376
102857
7851
50803
2310
18508
101692
916675
76295
71902
11171
857
42684
198136
21599
81083
122625
51599
32074
50186
20041
195498
11199
111406
42510
99815
11002
30190
119627
9640
112707
43501
26299
45788
104113
58083
7812
20744
101057
101505
131574
23084
109031
111865
41128
122151
22420
110876
99411
23167
42410
11613
119410
116477
104621
198905
130674
98560
62112
121156
22277
51474
11735
22890
1000941
191490
12969
117986
95000
8684
8225
321
125597
1057323
22026
197976
4289
112267
33190
113608
93777
3976
4872
121508
119916
19717
25563
1014977
20460
6776
121066
21298
5445
4263
22842
121171
70762
110140
130045
532580
3159
5277
6169
20190
25434
40868
7384
52164
3219
59129
21986
41805
60486
3995
18451
53378
60148
160611
71802
101107
56687
2182
95450
45276
81474
20187
6473
51109
102796
111264
5974
93457
21255
112000
159466
105088
5259
110124
116631
101944
22375
42170
100396
37810
84224
121911
111133
19935
34286
740
101501
20345
42571
72020
10974
125702
51707
194838
91052
12662
110975
3651
142121
121017
49970
15926
4239
24534
3255
81198
102147
60137
41127
199199
1317
104845
90897
39036
9393
70
66936
171198
125088
12062
6497
190161
119560
13103
163218
22673
101069
51108
142756
120413
151947
62965
15892
5989
90173
1002852
56384
79317
32451
9852
20511
3199
31391
12197
91668
69861
153261
39116
6320
110876
23480
30222
60303
14278
907865
52342
75528
806
41163
3992
5291
83820
41273
120089
4549
116409
120177
183402
29116
3295
20376
109976
40119
152246
41156
30994
115690
21509
5281
141108
100420
108716
1999
24721
44330
102933
10832
101043
22302
49731
17109
52167
8865
3181
120121
1222
61371
1252311
123198
82373
 2577
122416
190277
3825
1033945
110667
74173
16110
190118
49391
119694
14866
9759
11525
147704
50947
28564
119066
197813
111118
112061
1174
51510
111911
1112682
92540
006279
111150
95974
129469
190620
18101
63376
51858
51995
99237
2459
6286
193128
1023096
49163
7018
2102
909695
101922
10977
210281
3232
123163
100474
111063
7254
17591
137090
120705
130568
102847
160196
29641
68600
122013
97367
123168
20413
52260
112704
1537
1415
20852
6064
20273
92673
9064
3959
100606
121618
16081
113643
25635
79030
2761
8169
122630
136162
91198
110568
41205
20805
112759
122367
124850
50125
100046
6166
9181
4055
167662
17004
51001
2110
61510
6676
12739
75201
91252
12775
11010
17496
75795
16017
22333
9023
123596
18726
121246
33060
8988
103117
22573
39699
11104
110678
157762
1223678
20849
6958
72966
9149
97211
2214
1232791
42213
99725
9153
40859
25100
5045
18986
1212
6570
5620
121714
50733
119295
6983
32292
98602
102677
129505
55235
110683
100877
91559
20477
90511
51817
91519
110173
31219
190459
112015
121204
147283
133369
85559
80538
20117
22837
191266
42296
36106
92556
51103
101008
108796
122353
2268
42907
22987
31662
21231
115264
126050
105600
60575
91049
1976673
26281
55161
82499
120122
27340
44206
115111
104293
9117
102302
26319
20677
4850
3974
120247
128620
42867
80821
11786
111374
172554
5262
83147
113433
2120
4203
152507
8701
207175
20757
120787
42500
1297909
122111
10064
4395
22456
2773
111186
01354
126386
50172
194191
19026
61916
12846
73276
5217
30876
43230
24146
49518
3911
132266
151515
112619
18197
54857
6666
23242
107947
116304
14980
42782
45733
97358
71121
111755
111175
127435
121970
0397
8860
12350
114266
4341
112890
111950
120148
28831
517
32180
70179
18235
11966
21842
27700
9913
32158
125701
7461
107012
12515
96232
5967
10566
3264
9563
1026
14156
83092
1226122
18699
32289
121051
8442
125755
90962
5258
6319
192159
115031
6311
72162
62179
122302
131941
35609
60936
4844
99895
109245
9790
156896
1265363
12947
80431
90829
190289
72221
117544
152012
62325
6150
49197
122187
551
161949
96669
12506
122991
92286
130438
42769
14820
57975
19876
12620
7538
121331
71183
4421
11060
2233
21128
46584
40569
20060
5756
20331
110894
1139088
151197
122126
120752
220842
119821
1110021
193251
50057
112863
11464
11089
7072
40421
42660
43529
190609
13186
06129
49098
46279
6661
89613
48969
109764
11620
91099
6254
20335
10166
200720
121510
54475
92334
110387
16999
12933
12219
21627
40884
11200
11659
22302
151790
16533
411175
29350
131741
28396
118155
3754
112648
102005
120963
132186
14612
4434
40601
7124
34144
33025
6919
31621
19734
190672
6354
11182
122578
123093
