4548
5673
32507
15435
5225932
122813
57201
43463367
48980978
100289
51508
198163
85688925
81290
423451
22565
2997318
523575
915562329
5449167
10110000
22701
5437667
885
50681
807001989
19021967
2281960
5575
929102
135400
61484
10145746
1224ch
33204
1225720
44365
21041616
323001
36448
989950032
255585485
5472400
0036102
3681161
149134119
187857
12281998
128810
7086
4041968
11011111jm
2768952
20512
121269
4852629
86151966
1865
1051
527937186
528180
1233578910
80318580
695035
10trlickoum
72608
17155
86304
245696
121106
1236
61105
504
19831979
41600
331501235
37376
48687
1361997
82880
224830
30758
523073
38568489
9014
758995
22101960
357849
292359
551010
22787
994274
011888ed
22671
008ly500
69571943
8458559
240410
786003
116928delld
201226
50258
723457
7641124
70769222
4041953
12611
47452874
266017666
197252157
530
12030003
267787837
98909382568
112946
123124
2034
200320
88118224
123g1ig
11677114
123losher
110xy66Sb
302512
8981
100901db
8686159
157670
64551
101081
448245
10hacrak
8940324
730473023
43176
5251974
963239
4566140
02doc
57976
08siter
212294
20697
52069
423007034
6476657
749839
19732
6533
909757
102605fd
205370
42069
76190
6831
260989
373624
12335699
28482735
119710707
121752
7366826
3315608
8174018
126477
1211973
1281145
121444q
24032866
5071975
280363
64578
50995
60606
22238
86975638
728915
1766
3229261
19111967kb
117390
900197628
111548
557667
150900
7381
98830414260
121qmeepd
787869
929023401
989850476
667603
8093123
9882145
43598
202
467006
191976
32600
80696
3306
197801
5535359
968700
5027888
1411003
45060
091cki
20954
7875547
5644225
3091999
378046
10591
551589876
7011960
45622
3403
53174
326555
15510575
80349
565445
4228
9498417
110numaroot
10202c
63199
87891
180203
171169
101388
121276
3766189
40955
729317
9191953
21296
129482
250303
2738768
346120
9601038123
120991
4582556
2316
42039
101399
72078
50886
1226kun
5520
05sctrnin
22379
101580
8996979
7164
7775
121455
995713
4455
5527
1213464
50277835
72422
12172
80162
7459330
121978
5462
3070324
21314
11494
10201898
91774
506280030
9995617
171351
7709141
554696
102844bals
507280
121831
525921560
8211
23041984
545155
10664
33399
6026677
002hinmacnll
4758525
23714
5024187
91391
7345
414378017
63274415
9336994273
505562
1234jal
9824485442
583345
3130
90869
20016184
300000
989041
34724640
97647491
153425
81976
71786494153
8865
19871976
22121981
33611
9391003
924743
870111
5235
18297
5082482
60012
2251964
25517277
33000
5002513
931724527
102060mc
123976
90660
56665
1950148
60606
5485
52574
541436
@hupe4bordz
2930696
06bigtare
314464
98685837378
123bia
31533
170950
98057969
92069
522255
3031970
9008353
49456
11820
436347
2866564979
246624
121975
*00moyl
427767
52909000
5075
256261
14570
393036
3084882
456930
795685
490245
1331193333
2571984
5620458
1536
47827644
6991944045
713838113
14082444
6091966
111219
49312
7262135
600632
583090
8924777
45014780
51847556
2290
22978
27192
989081535
79002106
81802804
35169
5925
7332345
481974
24621
582157
1701
11117877
123riltr
1231dig<23
89388914
933046
420344
18108008
38640180
98082042
91921
49279
76360903
86102571
83949
1000100
5093555466
5531322
122247
104861
54594530433
47153711
8336
685058
3789898
540428
8285855
141372
8885
111419m8
51717
4236
1174
1095
52663
4332
6575576
1970253
657636
89081
56456
561234
557117
7740787
19751
20100
200403
143069
447178875046
21203
988439
5957743
2532301
8021988
3460180
42644
961196
520125
70456
456462374
557511
53578
37587
42779
41191
269
468935
12049
5650
12364
234458
2405
30136
28262
8658525
1071957
9691
1891
82365
80108
2580016
165606
73006
62669
19771927
433172
343696727
13717
44047
030994a
887652328
0910th
12311
62963
32580
39527
62599
4848
91713
5244
255388
12358z
18861
0inph20k03
1109mingir
4175
17061623
434683
0cinalanth
8301970
25150
722976
8525
655529
40886
425724
6022308200
6745528
08tyld
223698253
132610
122767
91737
32351
159270
24372217
8373677
70882
159119
23404
410550
668584
11264255mas
203505
6865932
31124104
099idon
4222
9148405
604567781
6021989
3503056
111142
4865893
5067778
46041
70091
31459
52769
4347412
191981
5780593
112575
97168
33006
3911617
14755413
753291
5054311
4a591975
10080199
487573
8785
80911
7155738
57407
182773841
3995454
19031976
9554
87611
77273622
199970
59057
928980045
338992
5695387
8101959
965412625
106z121
31487
101326ncclenich
456040
7644122
55722365
1065614
706279
8106111376
41132224
198241
512311
9111945
270456
3464244
122882
528122
2586872
121687
123092
3169
42347
81195
1200
9051961
117777
93091
1016
0tmich12
12201121
12521956
90283
431901
4271946
0kerty
6467637
171972
47290041
123lot
10100
122156
252855
15969
4481
7432776
04mssol
101464
55222
711490
10staa12
137900
1220nolmr
76832
122191
12052002
5666669983
48587
9030
2453456
230387
843543
126111
31672
99130
13956
9591973
432847
0
38978
42292
1075toya
8545900
524325444
2475785
231925
678
1070466
50500
3284
29876
02Passswiram3
110928s
102789
31146
883338219
doro?s2
115777
5470
24175
1988161
62188
378730
3150
42390
22606
363424889
33720
1944
727021
11bideled
121264
138415y3
00Mffith
5517096
902
52618818
273433
12337893
9503
62694
12345675
255141
120077
113041
155703
6541
3255
8450551
6249246363
2041963
80752
650674
575459
425778
4009807
86388332
4200200
5345006
2235134
83898
991609
3340
8707
081120kjk
33333338
030878LUS
97680
32497
551968
4327364
100979
309097363
6474
101515
122670
2612176
120801
981984050
44678853
32331
3011970
423249877
50062
7022969
7899
1300
296155
1234aszzj
9637910
2574146
741548
58883
2817
9875383
0822doyt
8256178
00782bbs
191154
2191976
7262609
71980
91651
19751974
223870
3301963
766743
135274
0981pJ
352353311
78281
606
200270
140910
803031
41166
82294
713801805
88757077
1515
196790
04021934j
3337
122763
0827mnenm
74662026
37683369
362344
444474778
291874
3229634
32272474075
506
9853588
101227
68118474
2294
122992
9444
120068
99034894987
630000
483136
1199tro
2595944
31060608
52003
9803313
33514307
4375900
7966413
29532361
713444
1147ad
2182008
38497
4445
1989210954
438251
325831371
507071838
44390
5319
27922783
320173
278982477
5659555
33111230
641533
14612
112347
2501978
123869
1961311
5261962
45402
320554
4685572
523
05bdSetch
7228
8716240
109116j
2602
0187er
31363969
95773757
30475
82478
11624
91070
9540039
7340
60872
47534
9878454746
23031988
33170
242238
123445489
29776
5937
6899
216941
5663
19761972
817253
70156
825126
249364
242204
610225
123B823
227962
01204@akch
82653
2653
2463
9840
84364325
5656
69631
1111121316
123304z
8383
384142778
06zjen
483781
2628
682044
264628
21235
211977
70207
339458
19261957
2400
115418
8410
0wagp
30866
123parc
2557875
03amea
38860
697726
117mitke
50973233
22001988
3878648
139910342
3990
12334
19972000
6735777
7959
1110jWhot
01034787l
92744
869428618
102bh207mprk
222126
20294
150035
35757
45165
3230008838
311434
17270
02190spe
997824371
4181
580509
39377
14192019
10612
683802
141611
8639
850001598
4221970
37607
77695579
42507
1800
504000
0arer11
7455383
121TNBq74
349789908
12141963
03gatda
21345
51057657
62465
0800kro
755640
33644
7299
12288818
01229dithantilin
281919
101360
120462
27892
53130
24747
53100
25859009
25802
41671
57098
12685
12467416
1234jw
98965145
186165033
22320013
2468888
3171978
1312762296794
084aade80
310486
18741518
21662
4759
48316
194622
725412
709069
181052575
515447573
1012772
260100
62627
31643
1224haninot
73988
90221
2298411
47277817
6888481
10585831
844709
80859
235769
00bilhs
450448
8212711
560534
432554
1234Hkm
742740
9165
98225678
28480
41247
44318
31303
028198mbc
61445
2661604
841961
2512
67988
6111
4910381943
19977
113761
778400
150969
72885
42563
123598
41977
42219
5384
992150713
71777
7302221
62899
118849
971117185
99387
9291908
8071
194554
2081300
9023
269374
10010111
52672
12202005
10ancoi1
149123
112680
121297
003cex
61860
118435
2257898
48088
19328
53295782
99275857
1968520
44247317
3819569
19521940
2463377
8780
727
216582
82726942
1198ssvi
571957
452089
160629
5111113151
79719
20584022
31270
80441
18942
21575
90102375
400406
66777
8046402
8654143156
22006
1085
0111eck
31767677
1017726
734687
3473583418
52240
9831
9081982
29378
6256633
6863
113031
5794
196128
2566
1954051354
27994
102704
72773
9653
5131676
97875789824
80500
981595
34504487
937118253
18353744
714588906
771028
122051
115760
5457969
52199
6132080
77906
112086
71974
1024ngeat
0887n01
111574
123111
22565
62687
261759
47264420
912618
110573
55756197
0791me
31858
94777
155869
4936940
152252
94230
58683
64155
30088522
144834
482501
1336
883364
111800
94956970
617302
84743435
1001195q
589153
1030sten
3030
2277707
53567
16270291
6092001
5859877
1024st
9931979920
21591
69604
1>0881
364084
34016130
943233653
300868999
67737384
70281
444486
98824454532
45778852
1027131
330921
34834
2771984
2762957
794559
66100
926342053
7417
74869
3332
190614
1337130
5031966
99480
7470
3603731
50277
7898876
128022
94987
197703
122101
3006416
601900
2181963
92065975
18b217
128310
2171990
89880784
709133
22268
477742
5333391
964523
1205sertett
1971402
10170
60262
262412
19071957
58128
00Sulmy
405704
339539
5587670
130686
324142
430430
731781
3206101
2551
5367646
33555304
223894
807980400
77503
43334147
5126800
9687593
41228
6871
915893
4512302546
1234536
54310
11770
100775
6651656
1244789
40244346
93177
94677878
2051986
36987
199156
19181965
19731971
12360879
7272564
122188
10301507
258481
367646
87315646
205022024
28156869
196255
857461
263190997
21998
30185
1531585
40404
3652
43776488
38450
92924
11281345
1611
8619190967
1091767
97713
72289184
428745
4151975
526173
77385
24343
2161988
247102
42080
4921
4251987
2491911
650317
61457
5800868
5352895
111691
81780
724209
122888
57695
93650050685
710
52000
80969
50262
2469456
12241980
0umstr
18923
1578518
707737
101100
2578
80300
27674602
4159215
93769713
122491
6206
2555555
3003803
20938
6646999
94947
6121975
2834
1096
27792050
7252379
44810
6236581
12151988
2090523
6820
01ma
2048969
146200
222157
00181wiz
194905
4292510
1233ploy
7424
4258
8235
89865
8180
101849
31920
91479808
60878
12251996
130650
334456
73222
66813
11poo7n
85555163559
4047817
20277
103oot
12369
3267
560007
41597
982342792
3399221
23445
1182bumg
3905
126311
12486238825123
32575
339020
1195914
9200788
326230
22441520
233133
82362
982670008
19181471
6803
72503
41893
19441000
373443
14724
118412
982585526891
101365
1222198600
6511
9531314
5685
4241441
12781212
921180
3212995
44680915
10101204
45012
10563
3821028
2480073
54997
15036905
3772
123503
588835
799699
403291
2205
02clay318
15855052
47238390
22217
31180
62426
773110
2635855
78687
708740
3532708
7337479
880854
41254
351977
3443
24851
499921
98397861
2165
8603209
3273458
17686
123kaz689
2446284
983125414
091679mug
230520587
123456zkej
5039533566
50374950905
50400
207028
293012
1217268
592200
09obw87
52060
9309333418
181976
55966
2508
12
102
235361
01gipan
513371
3167
90640
2886508
820022
253545
102ftusg
6031600
4262003
52800
1002
52232333
77007
1122005
122882
5877748
32257
92364
9187002
817400
361076020
50198
35891
8241
Jley1118y
271967
90276
7774
11374a
72397
331113
9708207
1891976
61944
281063
11616
4162
224562558
123chc
71284
3578
6275700
57612
0621tin
119211123
489090
27827789
9875844750
5071962
70672
313489
11091961
300992184
27768
100861q0
40701288
168421
2302822022
1923601
4101970
57529910
693764
82086
432
8192
12345ELI*G1x
28252
6944
421335
20267
77837
632595
27422
5662971
6639
951197
10120407
212368
171400
42564
2938
196667
2781234
04061124
9099
8459
25325523
88287
61948
33476893
11314
2760
239955
23748278
22969
857859
8275847
555158
10777z
17192
43156
120003
3944726
17714051
120217
92454
11253042
545553612
32621
1211ko
19930
71975
52201
70782
8955370
228200
40484
813198618
0404j01a
865562
298626
112986
41974
11tiny41
/01yLakg 
112085
1036001
16616421
411492
358357
13238
4534
111791
102078
70481
80494
121965
6bn1085
68122
24031969
7775
041887gg
753435
177448
51595
1091lm
777466
73280
12181965
12251586
357702
61632
123532
58090
41272
57031
2962
307200
3337541
5782402
319777
3628281
81006
8125
111975
1012623
72094
911900
34181900

3156
585515571
0879Cs
155735
48799
59895520
101ahtt
7800
4545580
86961806
15393111
842307
185845
40013609
123bi
0008usd
55100
1234567w
162697
1973001
2757265
22617
345111
776517
92996
100379
41973
72489
92253
50001
9919901829
17263643
343336
52178
3745360
4556901
5030450
62173
9469793
142071
5435
349111
53326
7083807
785751
12011
9302
100litlay
86270
120nmotes
8832
1065okcger
14687275
11791111
12294283
1670070771
75411
727275
48793
888933
800600
4641527
11406
2580050
7732187
91552399
30443
43907
0fjld02
1184
9085526
190998
2032203
69651
2273327
7111367
1199
121984
72277
122198
6761478
0618003
3340547
5758633
8061321
80452
120806
981150460
7627374
32804
37253
54507
2255510
1798919721
8702957
3746784
7821397
4896
2868268
45100
99020
32859
247610
6342546
8202012
98848
699168
4214750
4063
0fardtrk
32306
866498
998407220
123458
606178
94030
222127
162555
031881kc
559470
4271975
11981014
01gore
84921
37678143
18337926
839587936
39523
00binine98
1984154
73419
616454
27843
908355
42200
199580
714031818
1263617
213199915
19761987
54061
11930
7858458
121329
28957
4425122
581485
7603
7131580
58571
2042
771367
45364608
112502
47546767
669852
4773778
430551
23218330
653759
42238
107494
385548
8019857
209574
253500
2532131
731100
22440
1091996
33063
401313
991976324
8282202
30841985
101271
#!lizre19
4160
54195436
3502969
6069566
112361
11001989
16940
46290026
0823add
0319poph
87863
18112121
7403176
235707
704646
10071113
60944
42669
34033
2695722
118511
1021e
736227
573115349
1959381979
24200659
3321374
27301
9688000
259815
42198
712601
1151001
628604
120491
66006
421324
602028
10012003s
009arla3tm
Rchang!sa
40279
37733
7464586
23423409
114711
72027917
89091
82288
315721
101313
11262000
842897
2599979
42771105
033102id
63313411
98077795770
43401
10101020l
4823
6061024
82174
828454027
4764
120114
11brlastiz
610603
195521
175972
464664
44831
27787873
101253
3011
02234428aetwe
777617
203290
4116
2908070
7631837
40566
9703252372349
42290
27440
47737
98761
073177bp
9706894
25226769708
9859299
1944
74777494767
183187
42469
609257
454375
147550
4275752
11723duvi
1755937775
440170
146475
555
85912
525514
1810000
26837
149292996
506550
102102
250973
6289
235663
4704000
6322506
102865
2040304
14016
1292rlt
8035
82777
23082841
23078
123ma
528574
1596
2358548
133537535
130815
23541
5084203
392985
13570
2602982221
2978
640
51503
689233
3136211
416978
112572came
330197513
569910
2180
228834
4938750
10312398
0977mwera
4383
34136
840727
22555
673337
5919
9226338987
8887399417
98985795050
41072
879482
715657
721700178
957492
90187
30305
924
976349756
997039
70377
318074045
25737346
41131
10894
3554
42324
11matnira
62891
731
2379877
5155937160
210365
722242264
9832954900
889448557
42260
190155
9019669
17602
846000
56744
4041978
828200
041294ck
9885985325
5636550
169869
0416lyick
52223293
32196964
250519700
5298000
11199
2046122
8281363
9747938937
5412481915
@Qigpd
0923buck
110608
92705
18053221
3231983
663
187368
89315
9740907576
349780
567776
198672
456050
20565
282455
475856
1255
0246
130178
266878
162770
199977
120490
410252
30404445
1301211
718718
50051
329078499
10062507
991837
8258
12297d
1492873
6580382
446259
10Pcuzl
847887
843698
8061980
2568059112
7994300
61361085
106218
10vinker
45658
13097
99496314363
12101984
76505310
922156
11astbbitr
198076
357736
997484
22066
5756485
969847
92011969
07kimly0
9493018
5578313
837987783
9280917
52051
4824
40463
520990
100488
36291928
987848428888
2422324
0624rose69el
94513
2753258
302383
340218274
736707922
94448469887
52799
45411792
7515115
8028827
30495
974039
886955
7763539
91987
3717455
6371973
4286
186361
4573
151688
240810
1277250
5257213
20205
112040
87880
2226186
52511
14430
1491111
716740
30572
145163
254334
09102000
30975310
301699
06himayr
22353397
123kEN9104
272707
194737
2345554
546281
7171834
527817
237322
9773141
920554
217817
5385987
57599
2234
4838
71035
5212
114555
6296
22141978
123398
918231518
4572142
91008
78394
32533
1401228320
194107
122585
9131
2581
31653
91461
32069
62574
25571
1131989
232425
1223nothp
61042422
547302
395342
112505
5657525
4211974
88019
111dxex
82136
96062273
54592521
16383415
52774
121736
204728
77801
1234rdd
81983
2033
21471168
91143
0911jd
211474
4281965
01jenit
220911
1212th1
122773
0803kzICX
49670
941965
87647
5841
103348
120266
132173
9581
8886
991411862
2338437
42631
41514
5886576
24754
1989740
424718949
131776
71794
24227357
363
92072604
86112
30003
4564773
16011976
23631
36
3542
74002
2346
5363496
25355
139350
4571
999191980
38534
8595
91572
989803781
739748
30300
195361
79457
091krj
0829tov19
61691
12161758102
12031233
33842
489436
12748
6986779
408
54712341
735602
82056
101368
21157
1000757789
52774
8200
23397807
3245042
14561500
70223
86346
8408
38427
33477
2390
760610
104472
121575
9346379
337524
5017
74723
31342383
711971
198833
581717
14303
12508
36624446625
2571780
50063104
90647
729
898966
426226
2181968
197197911
5272222
892897
19221923
989880858
40894
4061211
12668167
041111am
114greroge
11951
507768
288766
24091966
606126744
15504
19740186
2471112
12341434
26799
2053171
123passun
963869335
41040
81288
914
367786663
19956
2304983
241755
779733
615615595
7251965
32274195
21112
21071972
11980
91472
941062102723
242124
2573
81264
18074156
215d
140048130
71762
379102
108308
05ttyle
31602
5311369
22181972
11466
60280
91127357
9209755
254462
300
52923
121573
23293311
2849
21771
5091994
22348
96626
01tby
2617
2281351
50406
*2mevit
257479
933661
11686vw
112268
654332
9924164
20028638
7580
098041d
3345587
758890
93716
82360
106932
4452
2411996
489711
236511
6210423
!mxitjr
104122
829012
139300
41226767
00hanme
2011
122978
9906929
9325200
32465
195306
118449
15434
138115
104
43486
123344
6264
62753290
5774
123055
9933410
231099
123e510h
000zmb04
49554
72175
41244
196510
8338212
1434434
57779
3535277754
2041
42333
8557345
202870406
11547466
108650
79375498
2744
29919812
326480
144080
607766
4276779
91908
19900614
5755871
5833945
112065
62602
7689
8795
41477
682791
122863
4092003
120820jaak
31311280
102876
14414
35136
7068311
111683
101966
87319
582555
97927730
11950
52338211
7877764941
113313
6729
52288
45464734
8331421
5840774
102569
6386
52295
16311
9110200
68148
101350tr
406022
527420g
82855
26361
2142004
123426
9473
101467
983134
55900
50511
2645164
0cety2
77014
5366470
81601
19670174
85861815
132322
9221984222
1!sttaz12
30785
7276757
197356
110759
82779
31009
10203d
203021
13126310
53165
4081078
2001793
42554853047
30388
76226442
20469
42888
2961789
423969
684006
5031025
4177
9874
578601
934500
907340
32177
409888
201977
081958rt
4234
60972
2028
197586
896
92777
18191942
520755
732
12380
125345121
1029695652
199424
451561562
5051956
8380336
49289
78951
42208
36191597
3822
42603
122354
5644818834
1202006
7874
198404
8588492
121227
98219540
51956
21167113
87870
82974
4147722
269559
1281252
43754
431
200182
3630015
95349715672
12234665
87369
102futty
20923633
162043
85155
7341
4101981
859727
3146611
375746031
7892463
986570317
40705
74742
220762
30230717
81903
847880
82571
201964
124792
4151970
202577
73
11bat
1212yuty
111952
1269454
1401
21737463
595
21249747
351936
0408sien
6091
40804
474173
33537
18981563
2421974
23327
52816
235599
396804786
3750
37834
2092910
1110708
2116
22265
31829
120888
41061983
2231981
3701977
959899
8623126
1018mori
032taim
122060
98659
123love
502711
7533
129823
2443
8208829
9289
452004
953994221
242116
312643
4211
42846
9533
24454147
58523647
240162
62544
80785
72705
110782
836500
1212309128
146011
851510
42065
101888
724459
14mniusa23
20361874
91779377
947316012
87788
878356
449474
823
21876
327425
5031438
504403
484869
42456
27780
2220352
45774494
467974458
47519889
1195a
921841292
091arillol1
14106
6553697
13019100
478058
2466467
2215
83088
72508
60784
3758000
60888
55755
78002507
97110
101854
123myrtr
40363033
2221597
95287
265756
7149
42708318
5050
1877
7253
5551
5494
75104
98717
1351
54078180
0235lake
915
2264
221455
326723964
3243134
777766877
124682
31016
697141
42369636
9556003
51956
305202112
26909083
251185
195753
3818688
728
123654455456
2176775
5876
042778a
8671
1010faddf
09bulux
902402
74343
83417
8321026
01tkilec
35887
6578
8272501
4263424
2015
98399395
887592
5141984
9105900585
1545
775774
8071817
8881171
9658373
63263615
823527
81850
4976
093fods
3687459
9949298
1301
07bintoy
2681371
26853
42680
7319656
101630
82456
26027039
50722
987539750
131653
1111011
55739715
6353
12876
1975hen9d
2546
59517
14568777
3985
10105
1000hallsy
2739909
45615
442008
18262016
72839
41246628
2671275
680807
9687
7777155
12334bj
12116513
9886613700
99919905
50795
75054
74189787
9386880
3928597
984601721
787
1010984
961001
853937137
10878000
20249
123437D1
71556
7n141
6791121
20872
77995263
2702099
66882
121
50580
6541
161111
4124026
7548777
4343688
51175
219275
22388
42365044844
8847
34037
283876392
54230217
112488
4827
6219
34784
3214608
20504
3171977
97512
1236126
3126948
72003
270798628
339903
45922
39334
80797
50210073
33924
3503
62421
64667347
9916
45344
70866
8191981
3763
7722027
1111235
91105
240814
576076587
32631600
190531
3681567
37833
781777988
72151
43809
69738
3331153
704970
1147
120221
943210
787938
68524
38083
720153
2090
6414742
7456554
302760
196007
7161960
100300
11276
270106
6092088
213114748
837407
22886
292525528
93611
2264195
913836969
21086
1022
978918
52038176
63410
413542
59866897
31056713
40060002
27179876
9691
111967
111421mp
94961
70271
13031981
2364223
100603083
92477
122371
2058050
195927
293804
4021971
60378
62166
629020
7091985
454015214
18182
951403
36234477
6173
50106
82493
4543535589
130115
7406954
146503
78057
77751
9101021
3188
597200
101202
233816
428463492
10173
46626
2519378
251965
1796
7021019
92100
39082196
5620
5555
2286
295255
1126ra
091919d
28038511
30606
05aaint19
4404
951804
3239
64323
7695
8132181
120782
91864
92841
100268
1230wBph
52419661
686060
5133337
12311976
11111iqm
107108
2318763
77736
572303339
24172
12990
55212033
172989
19780
403239
42822
51951
71710
60440
9787800
939811161
131215
52197
61137415
12061621
74720
12061986
107776
2035378
21971
354442232
41183
483831
141511
832833
25610440
9678
9011804
768241
14271
391964
28858906
69691
7286
8878619
958111
8618261
273100
280384
913
8684775
858811744
2071985
580540
7611
31238535644
1068233
7146518
1116sivoy
9878
195416
5562935
123qwerlit
2741980
2030327
527502
3531
72080
1211983
989365551
589837
9082002
3305001
6885436
248422
0c06ronon
31531312
818221070
120975
8084903
81176
6962
8535323
288976
31903
9865418070
101688
8418
300
25678
222862
12041985
50751106
91091980
6032
78957
6818
54846
33861
40290
317240802
85887
34969353
121570
990377190
09gitt
176151521
1233embr
2344778
369303
213000
32501
91917577
93126
92900
60908
615858
9843428
395
@@>052
9987839602
211970
10111989
5805878
77379777348
79214
515572
121278
2765535
11031169
1946042010
13351452
1953
941910
3490500
)9633609
9141973
556809
92690
77826
5000
1024191234
751984
68416141
70851
20929371
9828123464
27872026
8657662
6126266
74763582
2741392
44344422
9832278742
40
100698
443327
1009106
229498354
03dexx
830683
4602152
53112
37609670
23135676
37012015
49885822
151953
86913368
22160
123478434
34367
155335
3003
6275121
123khudefinge
319797
9870417789
603900
60278
534600
128576j
6429450
920595
201984
1865
616
9660483
5260874
9081982
12461871
12211964
552305
25433
191118
51017
60793
20008
881517
257007
21081978
2412369
9889
526314
7855487
5081955
21049
19378911
42369
133009
10707
415700
8726227
41850
12479
307533356
1261973
01dirlm29
3861812368
9743872
5558
27041958
49734
22455897
9264569
2046359316
00q5walten
8788885
2222323
1109000
590457
169691154
5873
15643
77980282
89398
30468
52969
5705
711964
700018723
3233
90960
37210351
47592
19171973
443
11111117
551177
1761971
987349
197251
161009
53812
77618
071285cra
10197215
120892
102282
101ain
7270104
121849
832
210848
20191151
01pint
429
553238775
269682
943240686941
707042
52440
1598
119311
837
6528028
704159
12379
91991
2311163
227824574
15400
82017
7562
243327
9860338
35721
52359
7258
261953
42463
3292000
20258052
12305692453
9364730
2125811
18818
6859556
1234680
2738314
53366
769173
57873
127900
15484
66830
111904
22800
32232
316191
01mrorlor
89989
2717343
7787778
249851
03093nknkany
4553742
4879
83054
527590
29701
2394370
298151
82890
842870
111464
11895aa
343332
4116
290727
72722
11701
921701972
269524
03moobk
9905093
197669
5253355
5353
9240643
81711
303535
178902
60859
9232001
123neste
4315
151
64165
11747101
12378
31654
121473
1347
264322
1230222
585155
913000
61281
98392098639
232421
43455304
71956
987766
321987
8160191
3441564
9858769
92275
40440
268583
377777
150015
56185
703991345
438326
60686
0350maxe
8111971
102390ng
540710
18635978
19772003
03fxict
340640267720
1595515
18296
8053063
6354825
12345verl77
247121
843466743
51090
587601375
29774
71775
117311e7aa
48934
123467
2597811
3079412
43136
627042
35443
005jest
162202
49141472
28779
214272
031873
20472
541452718
1156769
02B408aw58
87499723
0030ad
611175
7111023
799945594
89295
332716
341595
42123045
3658973
4304
9573135
2007779
362129222
4866
123fackine
92155220
353213
8881068
6366
1260800

80817
559099
90159
19921987
199971
35297
617277
80574
47950
2247
55761236
77818665
25231952
1218Pha
4200
1215bimay08
26052
36357
51650
88582
54545757
7410
9355763
118Gwsytr
123heat
9877760098
674600
9813123
42874
6041
98700554
022501mbc
70501
234445437
325371635
27877945
4791890
#oroub05
52588
138180
50564
373196957
41358
58656
32118
41773
551265288
355715
5573
60658
45406
120150
98705525346
879956
94160000111
1229561
1234568774724
11186
71945
295488
22961
123moter
47017
11113
622674
558002
32319
100564
76021421
13830
420520
411578
10p123444
98243872036872
11495958
21229
52653
410321
2312995
110077
68958
44615892
51110
1190136
932562312
110619
701791
202100
14582430
58577
42364
1234findy
122chionodn
7484
3181886
131116
11537776mm
6339593
8057305
72231214
62458
2473764
6051974
7789
7811
123horat
791200
3405202
574944
262521
1164619
9618
19661982
57254592
67011
1883
16291
7892479
55107
73004
82325
231322
17441
95874
27586392
5095703
23377
100173
131727
344703
4203
5236368
11261985
351650
143852955
0941xmaker
0ja381
66777372
10ventel
666699
630446
111247
111322
185403
870325400
11131310
4916505
3268545
30051969
4907690
19711989
65017894
12081976
08181944asi
847816
9112338
54417921
52015
2549846
4223
19422
697799
32246
5031973
666101
42499
3296
50767
777787
201085
9222823120
120491
3286
19531991
3174
7220
1210iar
9107
437363
312480
9544
98516306
512001
10rattang
10107800
10054040
1815307
2425
!22msmint
3734319
2977
7705317
310442
0922c67a723
54848
0zg345!
7833173
3215
851599
1234rsta
90980
279797
20804982128
9712415
8109496
231768
3317
1462726
101807
9112002
91907
129981j
1166
493913
90982
26625080
311595411
706858286
69879
986363123759
2361012
81453
42874
7789995
182869
252931
11241977
2998400
832
80579
83194
249924
7391369
3260242715
303197
3230
335563111
03graaty
30469
690788
6637
9633693
1192765
6449407
422701
9031995
102125
143328
5466
23051980
102733
81980
21121024
12051967
197436
31255
4317775824
625200905
36978
128706
59339
123047
58355
12465
5426
16511
881425
31454
40864
201354
12031967
9895449784
1841
111754
28938
5151617
2689
64747369
123456ra28
25080
112669
82298
223543
94271
12108000
38730
8829800329
5356527
2478
278028
262972
50478
6775735
102055
211130
7108
20454
1598328
43669614
101295
467374
1413
319
10tiguateela21
6931
69169
42031
838590
858445
551154
7245300
1101971
717950545
71470
1111qq
8414
80285
92005
785136
2222b
4121983
8838314
12170477
2333630
29967
42070
810490
371971
12021978
3461
578555632
45285
26299
45852
322540
10061976
257
268052
3307328
108427
778088
51502
21971853
312954312
21577
29465
657
102741
93287437
5691
221940
121894
54785949
179927
331183
91425055210
71312
3040064
523
3211975
150504
228958
71317
6667
487300
13747789
236707
51802
4574
6241411
214570
122095
3083888
54440
232292
2122228
4256
2381
540628
102195
8024
301424
29995
0987lol
22560
67240
15549
31302
12941213
357565
39685813
79969
411971
889487
22800222
101081ta
50753
199137327
637031
3425745679
971965
12000003
472189
744562
138498
7447693
559733
4272720
1486
61386
24522500
611036
121186
501883
50391003
11831x4979
0703ma1
0830gu
318121
59520153
13149450
327370
3466
199973
212107
6266666244
606053
990570
85146
831373
352609
8792625
31109
7261
2242
331122
185416
16241
35684342
19021964
4727565
281699370
92352
9087
20273
6607
1500000
4081963
60255
17741
42775
197973
12694
45368
19840316
80103
423456
424443
3579
19031
40821
102708
92505222
0408mir
60720
427216
4041998
6155890
437451
3535345
232292
3024102
8164
121100
4111848
542963491
110005
55355532
80086
22297
03
94749691
242345
332680
510906
1951
235
10809
2181985
162136
33301
71205
11196113
90009
34494
81963
9922
69887068
412947
317302
80287
680499
33145
03rivery
70597
1306031311
1214101
17074
13477
92390
95768223
10149aura
31836
196760
29931023
37496633
7336
270885
90197124
52173
109881
3963
6649066
204090
130472
71174350
303783316
9984
334886
473390
33411
12991
9363478837
32380
7251
548319
5709773
310000
43614
8916
11711110
91998
10051969
1234778300
261802
81008
30657777
909599
9051970
100310
67664111
50084
663953
278010
3245120
1634
48204
505100929
1951
5161966
526502
1234548
3028
31076
25262624
6591
1165510
48627
999696781
11953
820339
4374759
3296
123794kss
8031989
87858413
76501
39121
23464468
241350
600926
45971
32752951
41990
102654
530700
292958
630
8071952
01biniul
239029
7184661837
32366
14772347
70430744
1046tc
359514277
7290
121580
91319811
80899187
110395
685612
119800
7773025
327028
0211ivcrm8
987193783
32273
795487771
253116096
1096
43160
44778778
0049nanei
123456ttry
911
149147
101992
35531
944340119
34959015
963996931
33020409
50537
01jshyROT
10030804
22258
7060
1976099
6650
48335
19186
827300150
110276
1234hony
1661
197864449
412210
8140
6469
8260
9123
47373777
81152
9815
123kugeymat
4127148213
121969
78677779
186869
9010230
735739
40131
42561
743214
123423ff
58900
2163600
2221971
524380
51595
286889
19761
433333
3212629961
5451495
99187371
9182
211122
29183
365414
746635
667677
31477
10236
7678778
112434
2294999
32280
19891992
891578996
1548
5447
3852
111962
1027563
2082212
52287
7697779
42511246
21254
912723
8602788
91012975
65969
19261353
14541111
42587
8492
2061
42474
7045
3073
7003
300007105
3443
22900
6625650420
8578
121693
12301891
578800
267415
51521
31231116
62260
19633722
101678
403111
2032317
3807363
3000
2958744
122399
73377
121951
19892121
06bbBrindg
9192103
18272535
687302
41075
@#ivD0
17488
25197
2031970
10412172
7231865
47703
77321
192974
65109
23260
11444
31286911
42095
310373344
555725
4549
240819491
92118
6280858
20084280
995007900
20959
42344
53547
86987
10091973
42283
198902
2903576
77111160
32174
986849910
152921
609463
5533
197200
9947211
28639811
30511
2483111
1150
4293284984
37511
1510850
330000
101100
262369
226082
28051958
9228820
741585
1166fr
12131978
123efbia
7777388
6504010176
2608831
112961
19386306
771210
5333
55950
628
8393380
952
4242588
5324167
46827
6897244
429452772
7112623
7478
6623
3686518282
291726
101382
416272
70347
17081064
456687
24496540
4560
38770
78941
817852
50986
8144
44442
22571
137763522
51008
64074790
101204
3858459
74219
80254
20303
240369
112869
57202454
85956
4471
10905
4711
2211755
155895
376164658
2365
51509
22468
47683
866287
196100
1139Card
25041
10300
33674
49862788
21443148
4759
122676
212645
1440824878
410605662
45323
3223262
090795as
159658378
5688
0fetile0
5141978
44966
731345
1012
98585425
30125
125091
147683927
354121
6425
95555557
40619103
122819
31162
878889
3210545795
2490808
9937421775
123198
5478
1583537
78342313
21169
23071985
689539390
697126
11468991
30984
10005
6673826
5831635
771975
92882
88749824
52867
422841
61534775
44082
7543344
84321
6230123
4435565
8313
510209
720905
112634566
534416
69651496
357277
2487275
914720
21020356
24362003
0111stri
3517847
1270
100a1ri
033121lum
135675358
22021979
111ukikel
63221
14686400050
196534
121768
22151
100000
7997421
9749498891
11431
21081956
6115
8247385
122278
100569
93845
0icives3689
7708
59316
226911
11011958
8553550
6867159
112283
254024
25833
63703
257816234
9654
52881200
3611
7556330
62672
5702577
783210
846336
9032804195
682448
6715
80171
1002252
6839092
0902sar
3311002
3355
166404
45404
06674
92067
122303
81984
54509
448593
123may11
40107
70302
22621
60393
25183
645456
82878
8871630
66542
1301119980
69610
443340
311121317
79277879
661969
11459
433646
12357wer
52854
121764
42242
597653
471484
431055
99737
2101970
15444444
898706
65534
36004
223228
35881
71842188
1200cc
32467
3384482
61762
123aame
631615
1141977
306268
8559
553000
6241369
222117
111276
88782
41003
9902
40652
20215
50367
808250
32135
4197
9236433
6481307
7485767
1773
2489518
2375740
36463
982227385
197300
802170
232282
12092193
59411
689313
32334352
3998393
13573386
319703756
1021926t
10021989
203234102
11556l
0loamainer
5967691
932
1252
187245
44429
101783
12189
11779
12342544mm
82176
23852642
207540
28734
306617
90903
11poneo07
98766614847214
64786477
45740
8870
4281969
5035894
3890498
1234cl
111364
7349890
78211635
352452
30464
2346344
3162217
80500
53176
70766
23184425
418636
22690
210122mckikn
253167
12385
19641942
0301dZxn
3797829
925798777552
3377
1223624
1236kedoter
5536
112463
12797
1961759
222928
82221164
638t
46445
68466650
12239918
37343
04m404hank!
110683
38393
875493344
5710311
729052
33006
91031
55658
47530
21564
625114
121212
62300
30630
80769
112347
24877
3370
20246
81966
0522101
75812
7890872
2324
72196
6676
111
11355
3016837
1256
111561531
8303
32787
62185
80825
155083
679134947
102302
45006
0attell
62803
627987
9187277
4351
9903296
34078729
5184774329
060476rky
55895551
7227543
14740607
435263
19742067
55630327
987042715981
32071167
33977
4379411
40200
10777
22473295
987775
0Qh11v
325422285
10771
1940
355697
421340
5806
12131169
136969
21540
7275416
4122422
1344246
490502
795691
99149742
552334
51488152
53175
12385
76554
4266301
412160124
205418
195167
781804458
12345687
81162
81671
19642933
101098
262910
122779
101469
40184
262997
8203
23634131
21921389
53457
8818550
32753
7859198
55829
21880
9161976
102271
2266
50035
4681
75025455075
535719
4606
3699683
12361
14252
78708
1463111
389619
19751512
30630
1111961
78379067
1980118
4025721
4277
867407
26275
7912001406
510319
121776
571705
1bggaug
200260
892508818
603
1961
172131125
7951
7683549
225548
123456bRRCAAET
91287540
258096
254155
932348
100511133
92041
12344
4769478
20021985
90939
3252
231723
51554
8838654
23473
555218
618640
5231
168208
7764077
99628786
32985
43119
2615333
123
50308
611367
97151507
173310
82750
1259904
30341676
2077856789
1155111
3411
1545
41144
92535
196768
T43518
669244
34181
2520825
99705033234
199832
3311980
8131907
1234ustha45673
19741996
666111
5464528
82841594
2431223
40275
04sstreinkin
331437
93004
1009025
1229199274
6547
13243
19852016
102788
5894
8502
0470ir
2631
2588871
20592
129917
5768457
082464anil
52377
108918
43229
41111629
101dibf
137993
523123
9497
493369
8898699
72954
9425513
52414446
6252728
19xnidm
42073
87810
4711498
53062
298007
15505625
33011
667822
92098
705305
15411683
467707
837521717
44733413
42121
12413
2244
289855
45988
8845
5034543
1170l
65959137
82138
301132
103330hyni
9787323
767575
567272
615230
1926231
781111
845700
4101976
5438
30567861
01mac11
4545444
430303
457710
9807876589
39686708
8126669
33361522
34479
92154
3490747
22441446
035783C
6952503
200394
12365qwt
2101973
123156
3091990
01001keel
13622233
9500
585025
6560
7040604
52593
1978750377
35975
2302587
8792178
101701
648654
286896
4201010
11011000
92801
290203
123466zmri
9822262
1638562822
7820745696
2876393
7549
12121978
32172
9241986
8863
828881477
54222276
4086
123456m
47618838
8949756
27237573
101595
734547
79897248
3631638
577544717
1911977
21165545
11/woizee
2582424
2434
1851555
8251822
3347
123coni
921991
11396
60302
53390
0nty32
32977
3963930
567535
71727
221224
127915
70420
871115
931066241
3458922
16016
7031999
21278
111341617
38338978
20093
11011983
21477
9394
22803
388822
6031977
12344
2171974
82722
111266
68905
42065
60404
72910
887947
18915f
72645
335771
366305813
121993
937354015
8214
85245
3132980
2170
475573
44471441
82854
69900
911211
115900
2372335
1209walk
63787
2379
544797
119dun11
27376
1223
95189
432370
12354443
1221qwmw
1234imig
3562810
114313
4132006
6950
90037
12500
5580608
3068840011
9144696
19800809
721085
194249
172785
45045
35000
100779
1714
50000700
94540
665735
608929
1980300
8902
923200
2171997
1022bumis
7771114
18802
0122mat
461619456
1852
582002
60367
452595901
0895msppl
10247
538955
014tin
40975
786988247
111777
5171510
508509
4214317
6866390
10181011
0646rab
34834
1236676
988946415
91987
254578
685337151
32833
39698
887527
5892
5877327
984508
1358
72963
288818
9925660
5011238272
3625
33066
60703
1217nmaref
flsu?*b3117
81103
9887512345
137038
32118982
7276
5040347
1017v1
338287
52688
271577
1291973
2505615
9460176
378644452
010311kon
2583556
384715
102810
7698
43254436
90218
1588
254667
48410
76102
60882
2055
9480743
1071jaly
4031997
52368
0919mam
72765300
333118
577441
48352
112360
53687557
9881011
19692010
52492
447487858
607847057
40271
10861654
122262
233636
150005
525865
0895bs
7013097
10111968
862879
7447144
341974
0982123hatoc
80529
51894
110911
30824011
5353857
52321
4533596
1234567z
0817101
31777
7891
8652
253289
0625yidl
62158
51179701
143052
9922400
101804
111ppps08
7182816
11troch
80267
100302uzzA
472738
393191209
974003292
30337
07kink
8904
94838537
0702cad
1908
895778
13171978
20t27585
51585
102357
2404361656
42754213
12201987
1234xw
626544
488598
988885887
960588
241489
428
33404
101684
355961
0fhillol
551753
91969
25310
195334
80299
52392
457955
0223polin
1060830
5573
221274
31766
70995
8462884
39420
07Rvom$c
4854
37127
81411
08swiazsms
11Y2301sw_
22565
23397
75473
297990
477411
7827587
14573
71363
5287
011sbenmit
92694
32669
52589
3275433
3316
402626060
7042364
729575
47844
6082
130277
3830
1379
2007
40042
664475
14920
9812390403
78398
18581944
90316
232469
457441
210381
101689
123668688
16236711
4271869
80800
1218rasha
123456ljbs
4255
831160003
94455353945
41944
6353
3744634
44547
10pondahin
27467
69212727
20403
923916
180748
35005
102504
4040407
14118
486784
962509380
277606
5051980
80803
0885!mp
112346
2181470
84348
5987
05241987nin
42172
942514
79975
7629
64455
2389372
40768
36744
120195
625721457
1122pat
200606
25400
40171
3212116
2432698
989078101
57544820
331007
982423058
9874463
12324324a
552515
52455
85488
81687
987035595
5618686
9213
4612671
575119
4102106
178547
020129mesh
284240
51719638798
52485
5270
59857
17011675
22081970
78989
1333
536548673
2734
23464
42533313
30573
6839159
195773
6137
110246
39102
542115
51353
72744
78988345
5315808
47673730
120486
12122722AC
0423cy
103250
81477
848498
45597
22661323
454247
244
2971975
08binan
31810
6626
102246
;fimudwe1W
54643
231229
2236741
470865303
131469
1161812163
123356
49040
5353468
888722
139906
102swjt2#
9931221
5575
54785975
88363223
33104
102081
6845431
21111970
01gonty
79525
40724
8201970
72687
494444
103115
5132
995756929
52020042
5007859
26555
23233454
799347
52583553
17009
5321965
5571
5722841
4031974
225459
42774
1222bft
888000
4428
611753
82287
396727
429395
21080
781988
12770
8010808
254242
122606
021772ll
8576
3745577
68574743
3327006
521632203
27752
4555
1280354
63696
909
303521
9602
18641124
87
2894991
22369
126322
198811
100000007
5722353
91868
2761977
272288
123456ifc
46766
1030
668987
462526783
60409
26041960
987410
783892
77400
246460
23300
121282
08251007sjd
421984
111781
197330
54525050
36536646
7570370
42070
900047
90177227757
654222
451454
5099358
803
3988790
091245bet
103byaCude2
98692
33301
93644991
1239412
1234ep
49477
51295
57503
916900
1645243
58454
0o031ban
40896
772708
222383
19741965
65841031
6852
118610c
21701
21256
34577
113061
49829120
241288
68168
8644
9121990
19213
102093
973462
55714055
40076
81074
228400
54363
733664899
3131974
4141962
313494
100787
195010
5155512
2246888
8208
19736213
29852
2490233
45575546
4557545
194851
6213
3003462585
232222
97619288
85560
56355
726901
92168
32473444
58902894
605028025
1464313
881288
112281
11276336
10321001
150591
1146jagcer
420943
96676039
12051956
4776570
7627192
1312
9910134
618400
111101
678146
309242
514247
520059
11118
303195762
93200
17051965
37929569
59729
3605
02reverkgr
52877
2761
31880
7475777777
76042022
1851935
9430791
580708
117601
3021803
99717
58463
41058
121558
2330751
26172167
512636
71304101
851950
17071921
8437
25875340
94211981
613731
60600
1217toiol
1521230410
118513
10fark
887100
436881
3126
760316
110573
426781941
6573
60369
121956
41297
696942
2427643
2408081379
26802866
33039
362343249
123456j
157907
35811
237400
4844884
92781
852454214
70420712145
12894
6204676
19881882
12hegie
130501
121457
2081971
23269
511028
489704
2462142
1201986
46183774
426959
45894018
7993
10080
0516lav
5071977
1a8bums
123ninttis
840274
256189
507652
231017
295700
40440944
70261
574477
221299
122033
56735377
378928342
3416
22473778
1997
5116
5057027
12lamana
123059
122864
298684000
61123
27245
990405
988378
35581
20631
7872
885288419
3464718
70366
44445881
70771
2110844815
48266
4341356
11131969
9840489113
123799
11foust13
8985548
02ist24567202408
14986
56175
358935
2735885
885982
69662
636379
2532717
286812
96980
8121926
131046
01914ey00
577995
1060
20086
19811971
98302969143
72000
1193
3001395
43360
1237313Ge9
023lkmamip
92184
0519pell
8111018
630699
5198
2148064
8897652
62474
570547
6232005
811987
229877
89380
19771997
12345abanely123
31313
214199
19492703
230258
11777
98110622
708316
3609
61367
9290
576987560
98754
56327668
261269
121098
621198
416818
888517
991131711
9311144
06baynd
0vegibyrer
393113
123456332358
19681968
322844442
17815212
079lexiemay
120590k
121625
4263330
0787a
8111984
906371
1100woch
59615
2*086
1360232953
42333
30577343
5071988
12031958
72827
1938711
27666
102555
5278067
2020698
79274
10056707
42842
438160
910
38301
5221977
5986332
55432
12001059
215919
58777797
8887891286
5567
617368
6469301
41269
95431
3853755
198578
9942852
4672
132216
660
1121com206
102689sn
1365113
1224eclo
23555
359830
4286184
36023
204
45775847
18111366
203632
95619
442551
6664252
5678775
3979493785
1234tapp
75402445
326265
2628
75815822
856988533
1011983
34345
2041501
52495
9819727
277502
263294
946111
1562
301556
69051553
50986
10791
88953717
13181958
443163
2571
780872
121881
263263
42658774042
122181
22571590230333
43071
024akl
22899
544787
99195600
123456UCt
1231972t
7924
81987
321872
682699
71772
10840
9888831
50922099
384118
53319
5715844
20905
26784
102106
3145858510
431580
3161964
5535353
2011974
147777
122725
9420
895
0cll293
63182
6532021
195195
53898
568689
261226
917783523
3548560
30204
6081985
23801
52781
86526
1108536
44011445
11990
11723
14251926
9071984
97900037
1481971
22681725
113733
$enhoore6
1115in
354154
11663
183150
156506
97887292
80862
6275
864211958
4232138
136737
7687719
3421
15081984
197862
5133229
22669
42661
78166
7417
50419
122571
8315700
905708883
7734129
19786
4657
123335785
44832879
6444660
197482
199099
3084546
32784
2376380
19814
07pill
798980
12340mn
93905969110
91962
290774
1583758
ShitLlai
3104
20102001
6224458
170466
51086
4570500
1530266
210003
15692459
8271986
66466240
1238820
58859
4583996
073osray3
40925445
7772254
31410101
1262644416
20301925
32137
62802
0828cslo0
4105
44463717
26408171
1913
986945487
6416
97783469
2684
8369
5
702899160
73137
274236152
41478
4767
177877177
52259
3493279444
79078
244569
601738189
42758
2002
6936600
918610
6002
2572
8509
6737407
34461907
2542267
216331
31203
123fgshuc
1977201713
161254
8251967
51105
232389
31270
354251
8923997
34618714
920200105
123bHPXGm
19433634
33633336
31329
8154
120461
8971
123454z1
33262
16201978
551708
131111
1203211
21591
92861
33949
12101963
3370405
5358
982035084
12156
63561
338968338
7535731
6624005761
112285
295210
52774
991830847
928460
100770
99388933
92491
1831
4460418
20374
45565
102558
1512
121379
1139pm
24973923
21231562
7372515
1215cidk
02fttrsceritn
541954
555149
71404
346980
111858
0774ber
94514089
918823
2672260
51206
848008243
4041981
1872
8203529471
6780
450
1611
111104
26134
42299
081478bidd
1131973
0006k1024
12696
56242
224207
452
88271
542502743
50100
208211
1258jawq6n
311
9281994
42181
4426713
44007
3714822
102266bicb
77117
764731
614087
56111
5141979
6243
11270
35278
270585
88863
66060
990738052
90604
9983
2234597
445793
476921
86176
8670
92539693
22122
37683
2552
495820
211
6262582
87900
0425fump
11141173
5231967
1S0573
12802
122495
100fole
800485
1983322203
196430
31748
110120
781311
943580
01iantinn
944800
44574445
22231
10374
995932319
199786
3131997
2321972
98889697
317741494
463080
8378876
55965
22743
201705
99737152
21862
33084273
7171722
41135
30385
326247774
607773
22131991
10262001
35621110
268312
62747
70176
9308011
12021974
4933292
778143
56352
781388733
179401
4112331
362197
561227
4632
30803
681572
123aff
32030
741317
7334
1921977
2778
101082
53487
52593
766420
42365
346428
1027050435
613031
101167
92793
644134
400
331734
81372061
1611123
1988301470
911881
32173
235953
42339
77422
887868
241549
184600
8546024
3016
5319998
45544
81982875
1500567
280285
242719
91177041745408
82573
772890
18323
15923
15115
83100
44031
110199
6772
21177
3013970
57631
30702
5799900
40681
00xatler
222512
11969ly
547849421
9503929
52804
41247
199201
10008b
663977
183799
17774
5150432
0806giny
9122
8054775
583137
31091992
112882
51046
5647163
9481
310633
9567111
55268
72870
9939717362
2657
66400340
1471471
32272
35685585
44641367
21025583315
514479
323888
077204rbg
491
177023
948773710
81404
511994
36033172
121popaney
98957
250777
21720
4574
5121967
25646
15141983
8618960
887271
82669
16660000t
59806
61277
85906
500825
1006d00
96017
6231958
360385
12091279
4026000
6064
810282
68515
123edan
1978201023
4510700
45754177
122760
299369
6858
3112230212
75296
7226485
02edgiex
8017385
722948
35356
777247
42281
992338572
9181
27333371
5567576
102379
122747boe
196866
4544445
12181989
7663266
199768
187877
2661036
3553
4641
57717
2944
4221963
137563
1234569tedv
727865
6404404
7476303
7892760
7211000
3580
706000
64368
18011507
71915
81953
467
69908
36891
2455798
173616
107498
575759
5555152521
9751
44285524
1930100
31614
4461
23105975
733153975
704611216
78665
98467362
5227426
625731
4994432
5631
18970
191964
3147655
119654309
7641
26736363
6571750377
1976
6805
588917
7244
99424
1106891712
390000
524415
123475s
6784172664
22396
53030
4283
6412612
809827
22769
4172412
2192221122
32407
47413231
74775
76575
76821702
16903
11286
40303
72103
37953
52521
1902
911
21091912
547335
888
102779
06206btr
36427
3*95099
1217
121195
42433
92696
92327
721987
200954
12977
5813379434
4791
19721961
82778
673915
12325123
73105
12799
5959977
19679
00lam01
11241978
1224asa
1472371
5551730
11207
5411154
21332222
101066
197756
73003
477941
19641982
422227
29774
72777
77942721
6066
291136
1205
5061989
72864
33266
61481
118026
43792
6247
42885895426
4554
6830
190599
8176997
2542
12249201789
112902
101969
84737
114799
25802
230686
60855
120692
234223
11133676
44408
70521
933291131
4652494
53255
2071987
46304
46004310
75872
232649
22660
94163987
934346606
9296550
42922
12358589
51340
7221945
133936
945105269
729177
70294
99849134
2941966
72877358
27943
423384
17700
4749
333381
13572028
104653ae6
9947746
132268
112501
52285
416200
35559
88166
63294201
65735420
60858376
9154
88735
5500
2587628
79629
51179
1052
6982638
1215175palb
244652
48302
39111581
3011984
5424443421
341857913
120872
23856965
3875716
81385
12676
30740897
12574567
3054750620
998193
5052595
1191996
188503
2613269
45802009
32376
123451w
89200005
266
314404
674177752
32978677
33134334
51465
9968190
2932588
229203
24464
3191130
88020431
19203112
35783
1105linta
21500
1175050
302963
8661
180380
331157
9899
8475457
7431614
324457657
8212
120785
337707
142902
20374
42067
5996030
4871
123485
123456s
843141294
4037939
65701
9783874254
522359
5705217
22686
7492
65622210
92181
52977
45642
421191
5135105
20022
89586969
09ox1978
122469
20585
332395
5311346745
553737
4564
393
7868391
6007011
122105
975
788881
94129283
72774
9560794
25274
09011a121ker
98782436
8121620
787
34495300
1029
7442814
01808dnn
828635
54472
195456
62767
1234z
767276
121275
317711
252177
3142720
131475
682028
8884
941958
19523
40894
4844351
5003
8252
7870
82419
213694348
0611tenna
57276
928757
2009595
2016007
1910
52258
2004
36533
1238
1610
21604
22949749
1535517
122345
200561
30103
124762
7832
94075
221213
40491
724382
14884
5196
02m1981
6785
74885804
92360
8790714789
312903
2294788
5065
64870
2521975
00foester
34837096
70868
18693
19815
91194
12123
2746277
2579
93380055
51393
3021978
329954
4281992
12161978
913904
27870
810811
19700020
661234528
121183
14660
2618211
593289
35929
4050527
968601
80602181
172377
2289
978682803
793
48697578
4028
19460
1997
3423025
4986410
5311
1234567R
561544
1307852827
19521985
1988
50507
20791
21272
100568
13141973
46444
92263
826700
230000006
25873
134423422
2669085
12389Aq
161469
614994
12823581
5600
122841
37839379
18421
92857946
32263
1220
50067
5131985
88652
473777
97252545
4041002
87757
748558
362179
116767
10056331
92009
543633
991930621
4479
8000003
31603878
1177139
741968
21764
291974
88887
45v03
2945164
2030008
22056
890620
72626736
75395
^02707
647556
2456
36256940
27754020
123muse
112664
5878557
204
51068
42208
6747
54368
82444
52000
123nay10
500777
34040
179802
6829
8860
9306366015492
92760
555800
417
4261988
12231977
736232841
20882
10704
1313
00smaw
787774
32561
1011969
19511118
971934
7380
26133456
5678464
452223
53353
8132922
431324
1231lun
47601
113015
87070
121568
29044
73279
19758211
30973
2878818
46246568
83651161
481755
0nardi223
298844
8277
191234
9870724
7870490
70677
80840
9780121
9269
2225
53306
6681
112898
457365
4253
660457
67664
82899
80288
747767433
42066
696847
9311863
8407
4837
7709
18690
620400
269156
201399
14481878
20210102
72505250
2121955
2221967
63643580
1965340
929401
94166
19191515
954
98522478032
5385996
734111
101893
33713460
8822
251785
61644
66441
123236
1020niub
291892
945335053
770424
132719
198568
3695
5785765
55622116
4962
6385
9387
1492335
433317
123eamin
5867778747
60251
9281978
101664
527333
97992541382
062586b
94930
152341
320940
23074
3209
123eckb4
25604
3537535
19474
51498
3037600
24820818
112544
50768
81766
3859
73104
7206
15395
436718
1201190
12271mmp
89875
8856929
789178
457596
83160
44603
130581
8284
122519
121331
8823
338721
147350
$ursthinm
5897718
1583047
41999
2373377
17120000
494984
493200
340673
952664983
100957
183461
10231972
98021
3048
32534
282507
7278
3390639
81774
111anthe1957
363380
428304
54334
27965255
25448334
89075
191272
92606
60156
5021363
7787747
1011979
6581
7645
91657
1229050
323785438
48412170
8156201
19707
3852
19771979
6557514
 beggrot14
11212599
315280719
11992
101165
5327740
316669640
801978
0122dr80q
953527618
31263
6772
3181138
22022877
1234562a08rj
78866
604500
122446
7231988
74531306
299806
2280599
17874
1091984
3943
224
2885848
320003
474128381
2186
104082
3383729
19441777
49378977
54424278237
28206
923315
41671
041878a0J
535227
341
3799382
1674131
1222co
921
42229
3644741888
1141963
1073176639
9542773
15301
332525615
74969
116met
012194v
130481
42269
824713
9539
4211987
724288
1081287
790525
41587
89482
6857163
42884
7950
87300007
1290125
6231976
29655
3293313
110406
313103
32903
907355121
212750
1225134
545367
2730031
5466
75120679
1881973
4404278
11devebir
101732
1111231
19741994
20560
458203
18974230
211478
97784
80308
423276
3708668
88423
1719177
423235
3086
28065248
61068
4307708
2075535
900350
4910
7856
5873
716
121896
42577
50368
143266
787
23926
201126
7787
83677
4232322
121636
210603
67884
12308lea
290056
5371117
1169auch
91781
817
313208
7619646
20618787
22522708
420367
198360
3065
19751976
71984321
9049
111399
23185
19188
9395318400
11171972
108889
1830
6866
07namy310
115773
3410722
2202
25775501
3342
432001
195011
7286880
22078
101898
80078
4101
441581649
55339539
22862
50105
3782273
48153569
881799
7891
1630183
14708
55419412
50657
34180
2777776577
750825
9369234
95812
3341964
3838292
64882
6871760
25355762
1461851
111104
123457777
816319
916380700
8713555
2404
54826
110393
74346484
001783rdnmimok
0717kng
6660316
1213pirie
6410340
1129yjr
5792
32887323
5856485
103173
13105
221977
441813
101803
942666
92342
7921
751918
5425
9030213
101258
52522
420624
28885929
3853
8101988
2392626
2010670
01ring00
1080itc
6166
702142780
4157
122545twer
85580
1028matumeb
080404akay
84011
25288
9897
456964
41265
8507446
429679
732302838
21143
2631
230112
1234587
8170116
255541
51247
11coamyt382
2262
546727900
163130
984442463
10bumatkeyg
52695
6498112
23623
102081
q112358
92598786
84734686
61458
757416
0710Kzs
091rava3a
100450
5006481
1930320
303873061
589517
5553555
21504
57537592
932858554821
195863
1498101
3034724
121517
52382
32862
0roppikenry
102111
58875
81808
18591
763724
4555968
4606
00arlicin
105108
231991
2762
105mxysOnn
22255
116034
1263
10062
33023317
221125
5855016
9936974627
103585
717730
19546
1002mill
110478
4885742
10064
68600670
1024gl
5276287
35025002
631539
7060666
3001974
161425
9543998
9823805340
6047792
5574129
33388
50743546
198569
4471
90173571625
669287457
548841
510b
121779
03Brick648800
11341
14971365
9593249
014483shenkecn
7615887
19488
74718048
4895900
11su89ch
574700
22360
2352
6041987
271173
421807
711711
1531021
4972
2296327
112289
523129
52432
6843270
7349
$deesmase
93245633
1209100
04fn1
88839
7391313
40981
474441
6551
92754
350900
32379
254554
5832
110872
14021062
145369
3232338
3002437
02956mann
233613
093034m
3566
10539
5121
6725
63694
17
4990821
16278
111106
41275268
91265
700423
3533454
50308
514359
6664556
898787
60111890
52393
121125
40210
52369
7919
12695
264584
5458
32191
64123
82096
1604010
123hqwen
2451
7370451
283555
45860
1189st
1617
82996
36036
499503
798040
9709574592
06meniol
0312obj
956709
5555252
19747768
19925789
`#OfluT1072
79029
8929498
789217
10L10103
4695
63747858
42255
98006481683
93986175485
4825760
86080
2783833
240712
123aleku20
125700
88736
11701945
122567bus
127780
13111987
30868
7281979
123456mm
112762
684537
225400
5059112
2272424
2155874
12685565
3647797
42213
94286
4238
7857484
93025234590
271020235
40680
7531128
90150
19063199
111712
20196
91108
3527
999313350
23327081
173565
62109
7259697
45384
5173
908070
160311
264845
323197066
72776
080amdoc
69698
726
4688552
52085
70709
201004
611020920
2021707
99442648011
112679
300698
2162
523044
2596323
749515
270711
629962983
10manty
421811
31532154
79474
22512
430769143
198573
232961
5804626
102956
8954495
123sam
30889
20012000
5389099
2305733
22252
4547
685000
123113
25383
0372ront
6948
0403mrnley
40192002
337841
9304
21522
3218843
91568
244933339
110563
4267
92182
87434
636993986
04012408incow
3623
95973
249989
3274323
16764
533772
74784699
42548
236801
155875
61810
123456ffax
412484
47651297
9054053
709138
12345413
533361
547867230
5434336
82889
59009571
25021981
301390
223985
3023270727574
286776
7547250
712105
39329839
77909
254376
220541946
8584
799914
28395
190686
98561246
8649
884925
454772
987468
928521
28773
286380
4091019
690053
3593535731
78767
16682607
123bbn
75600
1234567x
23062150
3161195
17246
101saper2
237030
110799
746563
787
1688170
5969783
2068518
2098699
122790
3102814157
28502500
1601317
101605
2291978
3110
32583
761421121
921332
196883
123276
102802
1124githo
5226
3660
42681
3060010
9717
123123q
200380
180760
15391969
195273
12452927
36742
554529
18225
12631
765802
10680
222200
1006706
0915tlms
767848926
516367089
4391983
43390714
981573457
7404
739135
24461
1096582
168308
1026earo
841977
437956
42229
82777
03meyropp
05gursy
88539
471775
1217
110953
52277
12345log
24260
2380
73426
238843228
10733
22739
70155
946475
.02082
32386
20290d
28820
4493593
6071980
302611
102462
140420
702210
630820
3086
943500
110208
5280909
1126dgb101
04arinty
21555
257343
70270697
91074
3300963
1122112
12003
122953
12221876
60813
4094904
8706
2061990
73854087
32229
502090
27262721
3188
40124
3222966
31375
592262229
222251149
50218
110610
0pattoykani
473323
280358
6550
1505840
534
7311978
3511818
136565
958978713
192076000
32231394
255000
102306
3123796
120877
52963
51287
4228
243421
291317
1899900
99937
3749
12211138
09061432
11mye03
82597
221516
2494262
5850
703404
302933143
9978
60566
6583858
53853
93923
3304601
95896
12030923
2352111
5236619
42838500
3691116
4230413
7493020
62465
122457
20922
2259545
3137878
49560929
9878824
8656
129252
25939
351192
90474
186086936
92870
00206pr
000ichet13
2618
2275205
68542
08lonare#90
10ingustsLs
11tinhnter
81535
342325
342622
51754032
194194
53464
17146816
322195
297597
23029938569
22625
608095
7661
1981010
850505
111662
309032240
577912
95500
11111851
200926183
2104456
16774
330004
113470
1000
11017
714277
06343463a0a
823
1958
123078
9531882
2886200
403344
5113
57764
91365
27011901
1722
4920440
132265
4561
51465
2257
724647577
82980
23124134
84147
72744
1008birl
70584
123puy
891577057
52100019
528820
0121cean
22682
231368564
926989
65812
7023
7679
267800
539999
20311983
123454w
14020593
191370
5808370
8699790
11186
21325955
30021010
34665534
04r7ylg
418411843
373577603
43342
196388
121858
9291985
8754
12125008
41000
553907
21403
5368600
4133257
1531966
10747
742514749
56954346
42003
5161991
120263
3279248
687202
02089ala
42366
13222222
8578977
5456
60632
03detsa3
543826
6568508
804930
7891669
16220464
1234yRG
977545
730330
102536)a
122755
20500
230598
83358
6036091
278285
0409aanab
126411
105303
98760548
80937381
5173744
183788
02ickr
80640806
10692
121203
578833
724524
98803358
274821
84837j
260487
66311038
47408
12294913
1984060
9471
9355497
127477
554459
662757
111403
40563075013
523403
42188
480348
7032100
11186Jmbyp
73166
221772767133
$bida%k3
6257800
12613
9249898
80688
820503
6199969
99976759
9956607
3551
83611
123kenwips
123flow1
179870924
98375
32479
01%ede
553453456
0199vish
109877bg
3749639361
926638
123nlv
51648
08lonjter57
1981975
225838
6190
7896768
2321970
81899
123456sot
504445145
35969
25450522
14886074
73273
995510
198418
923
08intt0
7875
410
721199
10777
112771
197O308
756678
13341047
45585
504880
828888
816541
4274012
10806
656764
194909
777
614057
51019722
265600
3830869
587510
3047134
3204610
25123395
2643663
31866
4020
73100079
18491
12141
1720
200520000
1210L99
8051121
686886
19860508
105940
2131971
445748
88885708
17327
311566
77816
316211
111476743
72780
13957
5855
7638
97650700
!#twible
230309
231262
88397
5310
7186375
22735
67903
753628
07isch
245116
3986286
72672
572336
74612888
123456stex
126468
9868885875
1202malst
99804165857
2356739
232786
51158
3231980
112970
72180
9477
7747883
2953
128222
6055
473271
6591120
7478
844
123gove
89902
15751
121583
798216
6275726
9862590238517
75300
91089
22524
28942497
6469
3435246
94284510
217856
30177
0526
19258933
75228
66777
6000884
121845
40318986
8841117
92458
101103
2056303
16921911
10188
2747
92876
34542808
7436
863632
9855
10560
170200
9811811
9782341687
11695
119864
2116811
40322
52730
60503
196700555
635031
07xm
46563531
102161
511151
16091966
113050
30520
57687858
41175
51165
9613278
2710852
50254
404530613
110757
4772584
989836138
45223403
181987
38963
110469
72777343
2012
91194517
211722
19162604
838681
219228
2255
77373
6860
623200
93010712348
123473
60567
66875
82983
131693055
07simnter
7101985
1990162103
1991
24886
12786
21940
42078
2261265278
566477
225433
9642341
3772
122989
51693
4253334
9908500
477047
120261
310938207
60505
21111962
31473
327324
47241233
133468
82001
922792521
299305
2205302
378015
1580
195223
44226
67038
6826828
43283
8140428
0uklsm11
32320H1
6051977
77330
528161
4013117
32904
23580
2479
32311
280808
123cwrge72
0ffrosetg
832080
5934530
92149
19133656
062955amld
22549
52289
123777
8241
71772
62958
62701
55796735
985468078
123553ad
2745127
30664
70356
12874
20673
1041988
516195370
41136
92370
60414098
4529240
41975
136861
13061803
5943
245657
123f8u
6650758
6399740
2041982
418563
18162131
5251
2527192
2791001
959969
928755
2684121
668219212
8777
16117
12061988
87412137
72792
41569188
88981152
50519
7414911151
122124
13339449
196236
31602
6901963
9827840673
412844
942170939
22770
123152
3641
271726
67899479
93833000
19651058
22589521
3131917
111689
82309
66859
9877438440
185255
2239792
9614428
*pind.
4623632
82121
81986312
94888
281905
80857
131440
2286857
4915
14975789
885560
42302
2373372575
9703834
5B228
927511
031kumk
5985236
2438793
27530502
2706
946091
1721228
30344
347216245
5559457
6874956
8011
71494
1121191000
321955
407200
455369
1867
106498
222312
57377409
2121987
2043133733
992555861
361881
240022
562482
4894894
6111985
437827
400645
63079
72846
859999
3754
27958
7183
7131973
42483
103624
162300
66779
123her11
123456
87998
2554157
64080
51554
6944819
3122001
82872
62356
210111
08201963RJ
3469484
101252
135149648
863400
12586185
32311
3346
4880006
04Marine
40150
100504
44
42734222
23160
0zagshajGt
0pcjattainb3r
252244
22577
142057
83211
12346710
12435557t
57737
9213961
22749
7783671
3164
1047015
1234tob
93855211
112776
42281
84617
91993
638751
*thowutes
111363
432354
181368
63003
2031985
2131115
182400
39234
2463491
1041987
6661
3869
73750
2410
7297
12769
272504
1111117
11uoy
41656
176911
4235627
942695545255
253223
41061
10choren
42434
4912
929354776
763602
22081705
2870851
23041986
61808381
1217mauig
4002
42638
4235112
8291959
55534988
171456
7050
23823098
4218215
703715
843443
85428
400555541848
1644616989
268204
110831
355637
40010371
123356m
272742022
73457758
2622762
91950
3457
7721204
557658
560397
10hzkm
31181
712464
104500
90896
829588
7659652
102309458xx
19762346
196878
78554
106778784
1582097
12345w
39500
30091958
82004
122877
51777
200408
6504
2658051
308788754
6943713
878400
601993
8281714
100498
100763
51673
12334
52622547
8021988
03deonliccee
642273
02reox
878733
1584
634221
4239
76547
121277
02nom01
3736
68273
320902
24558
200604
11acaks
498567
00645rankyha09
4910
630795
19670
15852183
623642
5555453
04manismasis
852260
472733
2964
52377
8005769
11273
82886
71117
8503576132
4021572
912951
0Xwinina
4436
284577
1971d
111810
20104
6661
62329
32166
317006
4130712061
59193731
363
7436176
3053348
81184785
13548371
51762
363137704
882966
220972
4295
4020
06flixpax
12856
101200ske
70576
94583
66969
03031579ach
1169656
49768
123dale
40562
90489
2142106
703742
610787
2104
755695
207383
91992
52532526
121288128
10271967
3336410
04rost
3269301
31236
89584
10161
467600
4248028
737998
690876
87542
91964
020870bm
62142
33780899
446210
43875
12235714
77332
11281107
8072705
12660
16251
33063
102969
0909inol
121902
186677
34846
517787
50236296
112119
273321
101200
35693
2751993
8325
112877
91339
121056
8461046
10121967
303911670
7759
52888
91191
122354
1542326
4325
4225
2222262
1595
1281972
0829lD
504977
125199
41543
338385718
853513
731598
2261987
548585
522171
112997tstkk
123166
5769653
876715
190676
2472726
445566
220358
7002780
428434
156
198977
92319806316
43905140
527833032
4080
1232ftb
22391443448
15475847
7274
26121966
346750
5627439
21903
515050
31533
38435
191974
8961
122490
42016
110914
72875
544417
199806
782185689
821261
822946
22456
4942557
110agoni
51430
112550
522681289
94146272614
80386
92107
40608
15104547
124699
9465
91810614
36445
7599284
2472743
31107
1918621
50576
63264
68154190
71402
123031
171898
111501
9194
22501
113urttr
1217211
256100
2900180
486778872
1676387
11766
3266
1217439598
8900
172614
21853376
5474787
93168
778499
23341
111101
3688286
602060
43277
2*
2969
3844217
9451
6867400
29781
409091131
17108
480533
7516
6115
34431119
7650072
12001982
630732
4012
7149
51003
123456wwAl
240883
1202985
13994
21060005
5723138
2148588
2256229
19581722
198858
868859
101ligry
351982
120088
20649
97365284
319818619
20700
41852
4264
847758
101312
1204hove
1211
210572
3986687
32424
69508
182652
3191961
30661
17601988
19424
75396
7525
195456
2093911
45364
5680
20464
52074
327560001
25496
20071305
66234
1214wabc
41071
073acig
30367
24329
528060
3397586
8236215984
197422
1910
1011980
301925
2870043
729013
953767406
93454157
3610
092886ab
5817097
47761
55355
50206
5642342624
17241404
100634
790946
4789477
528012
110175
342081
10001180
7804
8708006469
53789701
66233
135351
30168
563254
278548
1054071
1
80993
100061
50748
1012sle
45672
02lmw
138235665
1234lw
324412
8<17087319
32121
300570
120329
46711
765767
218377
180683
1235
177166
15874
791975
9624
4567233
69445
243123
9600
27121956
127820083
12534654
523795
221483
203426
192740
85877999
85420
427356
3596990
161285
941552757813
5260700
101969
5876
428241753
21493
42021
123456l
60079
120345
26354
29699300
30076
590646057
123matesyle
77291191
7278578
1978414
20404
501203
42511
379075
3157
210149
2808909
46219
77774718
13105
213321
305339
14703
123456fop
02kgags
50661419
082998jp
3888005
99048543
217694
235399
79328469
10198686
123455xx
27225712
0851MD
234447
139419
29912
52002
2381
220534
73171
110882
121204tw
24944
1234ssh
6716
3345825
7202957
10jpcond
111710
8176
36525
53365999
787320
62462
668839
11131989
31976
72897
2061
21061968
64679
6607
628
26121966
123fore
22021990
81379
341873
5677500
885789
938388
975072970
31171367
120987
320873
983686
319703
03F@mel
841
10070
40826635
432829721
92782578
4226304
28414088
17106290
8131698
47302776
537884
343336
980747377
2532
4208
5048001
19541314
98902760
40778
110111
314511
111483
72499
526557
0dliver95
52708
200629
983776937
1162
26425134
8482008
102466
424818
55385
1020mgely
90820
30006000704
1000188
2476677
4011113992
201983
4231967
7276720
31111957
31953
143003
691933
0s|1ta0ky
6958941
3077567
287812
199158
8376
73745259
@lixjere6
4287525
6468082
5251996
20675
61177
920195719
667001
676194
120788
54551
72329
8216484
488788
101pono
25015
81454
8445381
5237
9719674724
100892
74823829
32653
4327468
4116277
6691
587816
45245
123303
4<35955
66088
123170
540516
940651997
92183
7287120
2529
289885
12386sai
11099wrs
81868860583
52557
5725125
1333
11683tve
57271169
803106
4820
66333491
9634
105975at
12334
274717870
5177217181
61276
71815
45592
94134
210389
30016
22476
477379
4621
2632
61415
2060727
110788
2232355
0391prr
4595822
71808
631118
9928
98586589832
8881804
6373
37327771
67600
312529
312931377
101368
5639761
53215
326285
22116
99935
618576
58199
10861
2536596
222810
4213154239
785111
33068
111abbfd
776666
21048
39339
200531331
907072003
996849
51825
51991045
11340
4569
246246
6127
120575
33909355
206837691
127260
88880
320385
194693
8485
62975
3625356
6045
954000
270977
371200
26894343
70876
5724768
9775
0nolukje
1121lad
776747
618926
671688018
122188
19635
22237
8882
8790
72107
120286
80149
82028
92500
14682
21704
22303
7941963
785756
41441
433662
0housder
25133806
120804
913
44323112
11366
7318
5126004940
5434444
4141997
12385
91535
2441993
8523534
031457abm
07mexige
7101218
370100
244902
2790926
5078707327
584999
80973
12001
871214
102268
93247
87851911
398441
1111wesmel*4
8312001
74444706
1231986
42363
6144
783030
241
247065
3443373
42580
82431
71730
153600
235643326
229538
4039
400634
085nharing
121welok
55104
1202308
303599
541962
61765
91847953
624852583
96225
2336411
197001
413515
110545
71061
7717237894
8565586
4211973
2737623
82199
171211
19211976
8384583
121786
6313
1986
500737087
4632
778927379
1864230
9106
250780
136511
5089
51127522
124004
4904
3299
501951564
13301
2995
9782447730823
17378792
227374325
5525455
1423
2160
5088608
52453
8092477
8977
557435
285369
1301900
13131973
122795
91908
8016
3306121
600100
8878
55555
4515477
77511747
51475
4051
3171376
3870120
12755
41367
18434
273010
14691
112219ac
53104
995800
92810
940914
21321429
126468
616281
102786jc
121217
13511721
37932
777022
15711500
97671
09woraiv
4521300
1187jan
114196
203628
6271974
7977
37021074
10684
123456ainwe
260208
427893
2481974
33767
12081994
7775717
326417711
74417533
21947
62774
3278032
123hukunel
7573677
773357
1227q1w
81173
41164
4361419
4110
350001
607
3017195791
42709
33494
4197915350
6333134
91904
4136711
309
46358669
1233H
2404676
10979
337244
635801
9430485
3162519206
971545876
68503422
617473
413782
282980
35792
12181970
 4CG1183
56500
3940
519792
40701
42302
402447
31779327

224825
1061982
12182
9465
23552567
974841978
28091
518059536
1200200k
150
121987
600
778693
860280
78595
891040
8158
519288504
540239
19451
113962aroLf
91184
85668
4608791
477678
5091974
42340
6771375
4282000
9575150
164
42872
7778173720
9541
08vor56
70363
328554
2347738
0255Nd
123693bin50
2015
357
42371
122636
5523856
9236
122966
1234hqwoposh
738578
8667879
123hinob178
337967
684491
51315
62180
4171966
828590
27411
1028901
121600
80274
715500
900115
252038
********S
87060
9171954
963853288
8448
247148414
3470778
80636
2359447
197772
403403
957493
54
71192
108574
216208
4271974
197240
44544607
10199254
740620
628423
40050
260726
958968
17337
7280410
3587564
08tro13by
4281971
989145369
1345783069
5860
5858
272622
124561
9897
161767
925800784
428700
975044
498994
56848
740380
025chb
70111393
257666
000yikt94
14051983
25247
9570
52470
375005
59100
52468
8201984
197141
79
575334
1488
99265122
5021
22453
60606
123308
200723
22319
351395
2257522
6505924
13531331
793800
82608371
340802
3000020204
21473
766878
52357
122309
796903
3503738
9998847111
7457143
423110
7006
872061343
192369
132131161
1234qwjzzp
762767
554370
13931
5390
81747055
935303932
19473570
3671769
121874
33454941
51208160
41420
34749401
20688
19806020
44179
3264
81869
9891520
125250002
941513719
40396
107214
281839
1597
53557
130679
231019845
9215680
14091966
96863
883237
83834
19073323
5261963
80129415
10titest
103061
19555
243837
7131968
26207
347319
26545
19671823
4904
63311
10431987
80900
12289587
7747499
480805
90908921
39232271
5919517
90918
83860
1234Horop
54015
106603
596119
2598
5021976
95748
6H
2542422
1684311
3413
5031955
1000
99256
8304036
2788
5222332394
25707822
96574807
10086je
296080
0utmk20
1234327kb
24131168
1226228887
06chlgb
3040627
30200
99119
2258
56775777758
42249
40039
7275968
4185112
79610
122binky
23022333
909198272
3213130
41132
101300
256653
1504511
3502
757949237
20567
36143645
99800252823
516500
19259
111264
10168
233283
824413
79778
110277
4792
614691426
32983
52985
614
30636
225297
10119471min
7100500
19369
1881658
3093361
63950
579596030
4721732
69525
8833777
16853101
183160
12101177
21664
9433558
5281982
18191974
59
92541
32391
4808
329198363
32105
24858
2162106
82808777
200793
66807
6637195
50877
2340131
1072306
888500
767527
8942905
42132
121341
980000
334235
1862
60363
42315531
87277454568
239669
4041998
884
31256
900385
61463
124644
112588
35825
5367
8197
79868
8862681
12436c
387126
93798
180317
9363
62440
29722970
100781
13649
787677
745437
770006
747288952714
1002lorh
98956545
91302
10668D
2369
1787277576
2037
3769191
82669
802298
460517
25060
40123
1878
190401
19876
34152
3086
4070
573688
841983
9251979
5461
36054610
0422tey
8080202800
7022262
159604
98162964
478333
4573
2963
121765
68983808
186346
7767
22503
88096
7277
4403491
5041991
76765474
121478
3766
122479
743733
60359
102600
7506
62155
2752256088
99
91156
5479512
12101970
6450883032
37371
6651
4475901522
98512375
082063lt
258931
60975
91182
171979
131313
9683
6288419
19861070
3323478
8251959
60494
88985769
1530
2463
9771213
2727862
111990
38076143
9172142
2357
5271970
887630
94437
195680
201810139
541921096
462605
2157378
799000
2724252
42296
814700
100
197104
42805
9623
123421224758
97683905
3193
93793005
45475
80885666
42018
83554895
54021265
79326
12123laz
6845324
85478
548429
2758
990411
5653196
278096
47774
503700
12381
324081
834906
2541591
92869
1874
142264
5490911
8189123
68012249
91061
731793
525635
3577
45558
532231
91354
62892
4894445
159999
32342253
82583
180109
7386
12250484
27101973
23151408
123456xx
2040000
16965
10010
754434
452332
8574082
10111
80777755
61856
41794
9554541
01tite7y
7869769
615683
8392
52373
4594090
2486586
15981
106541655
3644
4201974
7391
631921
13057
30470
53542930
6744
122863
5796476
2501005
21709
34533653
170145
123hess
3288554
2361964
121778Noy
112156
1691968
60701
Gpiv.amelty
123ej
585561
6808000
1122196388
1699
1005
70402
5358
438268
655554
1u416
27191
30855
102663
147114626
9254246
6779000
6765481
1182
911970
789822377
4532
3034
19601973
38990008
62569
13561974
51165169
2263337
8064676
89707303
7030
623702
22398
94054
8337
110544ag
1229weimer
0612cer
32115
2842004
714061907
92254
370000
42752
1166854
8443
9042
40961
406134
128918
10311953
99414
77834
3293
1234ex
9982
241224
34236777945
82435
330785
11ascr
51710
35878691
14725
22
209024
31674
6411156
1126123
9051991
42476
5374727
214623
44718
1210wack
92154
479029
9051989
05Cak
6230
199732445
919212112
2666
120250
545372
210420
255077
5793
19771974
81039
35603
121351
199551
3431538
12301102
30509
5155457
31178
8877897
10ineamhe
5067
169511
56899
117778
222891
4061910
2476958
965492
91076
2206
30808
19861968
01fuk91
761645
35256
182173
81899
35454
17761977
5550
40099
36613
99906911483
357024
221225
86790
1983t03
19231983
99626206
70330791
62881
975925555
121076
913
29404
34116744
5175355
731716
123008
6317
3060
4565252
5639
88188
1234vix
6525595
60411
65179
20131989
30572
2171749
22346234
61579138
122953
2468
102506
181461
102980
8038768921
586618
7130087
5557
3120756371573
492575
101470
39142
33127965
9476
7081980
27754705
99850965
800415
533857
244449
565130
72988
9414538
5770696
31189
113019
3554232
2868504
272507
777757
80203
9905898
0w2mm
120898
9901911
10989
72180
8.558525
66161602
9251981
511413
196112
71111
4868181389
18007
11821
26801
12156
11264325
851977
53200
23580
62478
27472
1931616
70002067
731254
464076
7404
01bmastging
111665
300221
198363
7276
709102
8821
58774507
198901
1968330
9825
20422006
88338
3925
14261530
100957
22507
927128
111000
435937
1366136
59900
2287
4216734
330558
5033068
930540
2925
56137623
189324
589550
784135321
2384448
744643
567931
31753
9528978
309002000
0675wmm
8282820
22989
363166
687824
5352123
855733
959700
110904
603
115455
101480
6963
54797
351323614
092375mms
70495
436660388
35280
071353abotk
6562161
2432
155110
