301193
75587
122387
155016
120869
9283
66664
97108
121423
81^44
16220
50912
20257
60687
153271
120098
736
76340
65889
21426
105168
120331
42666
213859
31472
11893
9237
93578
11694
804039
41453
159249
10679
62703
52811
94330
99794
2010
102111
48462
93562
73
60563
42193
9213
74442
4544
95210
66079
65525
132106
29998
190967
44405
116994
19978
36305
42742
7749
178687
120298
19369
10885
16635
150582
8857
40618
29027
62200
17988
21318
2511
44021
95078
11264
123024
71357
61781
111052
703678
61911
401176
42320
42344
0112
81746
71112
62275
1220
41657
4223
100679
36694
4960
95070
31230
2427
196781
4971
92266
19638
43878
36220
131195
63549
32073
40637
102200
17227
21137
9314
37752
141367
2020
5198
72199
300451
53439
142986
85060
19808
55096
20770
40332
194716
89000
60356
70250
112005
828012
41269
19480
241
1010017
110783
95366
4203
24406
123699
8121
=0313
99789
8200
51465
51979
33365
92194
173194
2273
171776
190587
52123
111026
5634
49269
3156
20061
45993
8516
13365
160540
113032
194560
22526
192236
152391
10
337406
30125
8271
3312
101192
120668
90710
44422
34466
122773
14805
4357
530
129441
99683
44597
1211432
188662
709599
28216
132091
95487
191274
110693
6722
563124
65046
1046187
114807
105864
40385
091
101344
526675
11182
4316
192497
576
51168
36977
41350
4220
40089
208086
22149
40584
197085
122138
89699
51998
141886
95616
67655
93241
8363
42576
35488
05342
104360
31002
104043
42
9279
33120
40255
123195
121450
42570
3289
305129
42263
136011
3262
172248
13257
56126
175430
2370
228978
80124
31567
723
12791
81976
92101
46607
4558
1998d
199122
82255
91758
52158
64039
171789
183061
1
77531
48903
110294
22662
130315
102332
93627
33898
43768
206075
56850
61225
190094
114489
87181
62311
34028
219
73480
150982
85000
111862
1916
7411
46353
12166
52342
44115
9432
82350
72453
143291
12897
20241
129606
722627
533
111368
110686
883
22456
49130
42004
49400
8676
98232
8719
30812
11535
3259
192691
63
12959
4176
45392
85323
1
128112
29307
128246
16615
174016
162260
3169
99501
263134
120046
19303
719771
149359
118088
1202953
514417
1281
8546
85216
110510
195781
121162
71046
1028
1429954
929982
120525
101865
121204
6461
161307
71279
161146
107402
157821
91478
14998
104523
4399
10102+
33043
42729
131574
31279
13376
103681
1116885
11724
50768
1282663
36803
5166
121186
701325
121211
81211
76596
112102
324
2/8
1983
71561
91161
109626
115926
40732
64562
76442
76567
310996
37942
32129
32356
80008
30822
41723
80970
63798
9967
1969
92596
71527
6486
108556
57223
16992
28064
190510
103924
123172
1121574
1
47870
81607
32783
116699
182116
6975
190008
22354
42887
113178
53744
121008
46026
61584
12158
1802413
64118
83366
102216
67695
22775
11228
101361
111298
60270
12196
2246
190003
105873
221569
171877
109878
112752
32053
4122
24875
5177
32255
103126
8159
32904
7150
80864
334
51892
763010
102788
35199
48888
98046
167812
7366
12932
42011
42954

95795
74788
15150
47022
153067
92557
2565
25126
399157
77622
4504
122240
101077
117604
73878
184669
34776
198076
021462
107886
2997
30069
40278
11012
42361
308366
190704
82462
29346
3563
62979
1321789
1815
152908
80570
21877
5503
61399
8794
6241
152867
30441
117173
112510
7498
5654
102070
20404
199113
106168
42100
86020
112826
386 2
9119
121821
122515
5704
86068
208994
711722
40058
40034
91760
31903
48778
1250
500212
42492
9389
151922
11149
22929
45559
81005
442
91987
100666
126442
10870
109472
204537
7300
112126
4663
100062
8271
42770
123977
40615
26511
75699
2571
102251
98116
108966
116099
111109
2210
101206
37935
62524
101481
64890
102913
11627
23149
52904
16084
70204
9978
42196
99765
38951
10417
116006
118157
1536
10360
51777
72063
15272
92532
42897
09941
55977
39843
18314
80977
143664
150154
9157
192699
222553
46314
56189
53404
112967
14056
12389
32567
121461
44235
11227
65179
106467
124580
32248
10283
21033
91283
22168
45747
102549
22674
182234
1092
3086
180506
44483
8298
101607
28392
76497
44592
50282
191374
56138
102503
21110
134764
99150
51474
4120
95466
21249
214689
23366
83078
181170
119908
45577
108753
117331
10121
38501
4161
161216
101345
41155
121833
5217
151945
33606
19903
30008
179671
132861
22267
111011
133566
131236
3559
47681
810
23096
6611
922107
60810
12397
36278
8927
101036
3
160171
7451
12103
52280
115916
221446
257777
619
10999
79151
7381
26672
39063
33410
45577
32056
102366
52297
45266
3331
1668
8592
72206
15164
42609
119905
52548
Z101880
21195
119677
95497
72154
1161173
31270
101713
8770
171971
132653
2140
122605
22700
33852
85590
181393
248127
55947
170599
71464
12366
30045
21326
19514
132929
11225
81556
61816
12969
421429
73157
129993
123926
52695
87044
19279
230716
132377
250907
82692
34498
31164
177894
13470
121972
196812
121100
111254
31690
40189
198773
40501
901901
8669
37006
3512
11438
31991
41271
161110
2619
161292
29376
5657
40769
9688
13873
25261
1125786
6291
59675
80449
21427
21974
12192
181
150751
70182
37075
61820
62892
123334
137696
53003
32876
13996
91735
20571
31719
38152
99394
91624
22003
10263
6276
48779
9671
74142
253737
88074
86627
46716
303397
3229
61303
1127
142800
111082
22565
78364
100599
73466
1022002
26232
29488
21029
23663
749197
102861
103074
813
122174
128415
89265
23925
68691
121496
71263
300779
25799
20043
103708
40412
101686
12654
22201
13868
28855
90247
4700
5517
37061
19586
95593
52181
31469
63682
100774
4098
88930
4139
78899
59540
23055
13364
111104
32360
421991
38786
40406
6200
14755
1001286
116883
75598
102145
198950
111311
91686
13779
56263
41373
5328
88617
191169
4180
20303
9580
40069
17808
40973
22474
8794
183680
22369
1221306
83018
11509
21277
4104
121876
51355
71927
1293
29927
16691
9568
109825
8445
50052
53493
74035
11105
90907
112906
5263
32144
13900
18117
24809
122649
7874
508466
64841
96979
207
38026
8600
175667
31526
97176
121791
32986
52149
21121
99676
461
118394
8490
50116
72535
193923
51588
27342
61972
100419
124890
1273066
5145
7266
10297
80073
39168
159286
83659
312239
92199
6188
79782
65200
70251
3190
5077
89500
62750
1204333
115283
117302
82863
3130
38556
603176
71172
50574
139582
113327
30332
7581
112692
61490
111475
15397
117466
220116
131160
102177
181277
4633
70726
9297
151990
76730
6259
57689
4059
224259
23206
71481
42826
1210020
142000
21600
81091
119028
62787
71663
9213
51512
19636
47419
150504
13542
117770
85436
51386
119780
15818
212007
60587
109911
48615
7899
26591
101431
15147
51176
121082
86303
3119
16982
61556V
86491
5873
30308
9352
111731
32910
883
42284
1329673
19409
44863
86100
196897
19712
808
314756
1114301
112263
46344
154153
121441
63583
111752
68800
22202
190743
41020
711852
1126050
21260
51457
5158
106533
41455
8588
78754
3211
23666
28642
33131
90765
123922
19804
626
6913
112545
102529
3511
80004
55028
58523
4525
40909
45572
101257
20190
29569
20121
144853
141461
151877
91987
64908
7563
230170
190699
85005
21979
93041
12101
65064
122997
71090
35961
13302
21378
93699
854696
146547
19902
101561
30085
48626
122023
97800
102298
6409
90655
12997
11680
110111
906949
37993
109514
23984
33150
73002
17511
41058
141507
13010
196108
0669
81516
81261
36971
39952
43485
19794
553
31718
70833
504577
22337
6855
35157
62560
6189
24316
128535
71038
60656
7660
7017
42278
71484
0276
97783
7469
14759
180729
5674
99696
133859
18229
35933
91089
501418
42563
26567
130963
16893
64967
9206
73110
64470
45006
92376
79001
120346
123821
96825
101767
75022
62490
38643'
19501
28714
38101
122720
92479
118131
199134
100075
21184
123387
23191
2224
52003
82
61420
41162
7279
124423
111549
62203
4507
150225
66211
34229
184474
251443
62491
22443
172663
10280
126367
92616
102340
41064
5556
32599
119467
9716
172
10161
30973
86160
5010
18001
119279
93342
23368
51491
191095
148976
3786
71511
5301
131210
921883
61611
20267
111177
4261
32012
91680
44059
191256
1258
14934
117165
110523
81062
120219
5240
110576+
52230
120977
300919
72412
112971
11404
40368
31285
96895
106274
5457
123046
11534
920525
7!171
1002537
21510
3909
125002
25556
102
42228
31878
82194
12078
5542
9502
70276
10335
44774
20503
6514
134189
105996
162339
96565
1076
108865
121768
50249
69747
17261
129054
6803
9011
2047
133529
120476
179506
69113
1388
92000
12899
202768
52323
62122
7990
4132
69000
103749
181962
22289
40294
20324
27190
27083
85404
10266
`2385
84417
111273
41594
61912
140017
76644
89782
34691
61164
20852
88623
16187
4874
80484
115557
55814
72815
29532
83
142254
113067
6827
81805
72661
70584
13530
23373
105772
109402
41574
192141
11880
60889
112286
5946
22148
62999
53549
138104
24007
71571
111047
52773
80281
16090
121186
117673
13283
12459
71898
727
1726
50873
13141
12668
37800
121449
40425
16574
142167
481961
82334
80000
2287
99559
21574
139020
27670
95094
130733
18192
49678
90134
6803
80054
810600
7665
49680
24413
504098
112576
20310
22108
3153
8865
5943
89939
10J2076
132419
30244
100280
21663
1519
124744
107856
70290
102588
106127
53137
21168
33325
20754
4F970
60759
103097
121920
48587
4216
28683
162679
602561
43974
109117
1012256
129233
112486
14211
19410
21978
18073
111779
5703
45589
206
2608
192678
125873
72903
16762
54403
11311
391359
623352
1129160
8341
73680
102367
92195
3157
4968
31596
42872
108170
133736
119232
9310
2621
90114
9444
44795
30442
19219
3006
890115
111383
110971
121266
52155
9588
53300
26064
31995
90040
83621
103150
59886
111971
87470
26695
87099
197259
60206
82490
7973
43188
81928
121301
101889
16701
12130
891
77108
5081
47770
49032
51256
93311
61826
31300
51277
148399
203098
1910
65136
92476
12816
18889
5273
89769
180870
1819
182546
81858
11922
34815
111911
139391
60747
7353
44690
2198
6398
24
58799
79667
121002
8042
14041
21297
620066
88546
82140
48523
102304
62
62696
113162
111212
58117
125444
194982
102301
39703
48263
6713
112184
6712
6910
81861
192689
13933
65579
101937
16195
13276
99077
46220
79388
4637
120606
21107
202772
1010741
51806
821961
10276
93261
101991
1118151
72177
12284
81854
120054
933222
6148
5290
1111966
79433
32083
60946
1247
17837
22668
2511
161190
919663
6104
82453
56161
84161
64369
3520
8754
62941
122097
102044
199887
40838
172965
111978~
14854
30267
3096
6570
48026
56673
6208
60122
71695
92
22102
3316
46317
131373
70115
30069
62103
34107
125821
22832
112292
11519
99822
42009
110443
115734
70860
3626
118986
36691
3677
111171
91158
805091
91429
102870
4925
72070
140092
515570
81312
10894
59798
141428
10691
612873
83305
9879
62543
9573
13277
33254
119468
113114
61572
115247
190049
100762
92336
7755
1273
54443
10566
19851
72982
180294
108021
160000
62904
26802
87543
82124
84766
113144
182411
80775
17955
11001
3448
141984
82483
40973
5241
1951104
4143
22326
112004
11053
107830
22300
32682
100579
130475
121053
21426
118271
92973
20486
211825
89953
19839
11367
45738
48443
11906
180705
23782
41525
101553
23849
61315
30260
72404
91777
14407
11143
178578
18577
3574
121687
161755
91283
2655
2062
101269
99076
1105102
80589
70418
95631
20277
60833
1486
89285
132275
403
4824
28252
2239
98583
601555
166034
90790
81915
11219
22453
7161
131945
81244
283351
61651
33931
41041
120990
122686
96765
270147
161278
199700
18036
92047
64
44231
120356
3114
6712
4820
5721
41023
58264
40064
152634
195565
191442
491
122463
32009
95933
42649
11o312
62502
1214
54895
72677
4377
102306
41406
1899
116875
121156
47537
94199
10174
171958
7986
9667
62133
22953
95231
126745
102144
186716
14890
5339
109366
96706
42158
018792
21489
5115
111250
19100
211426
3015
4=014
51467
7533
321253
1093352
506532
13201
192671
110216
123299
6833
119240
101997
81200
4237'
39769
33076
74438
76593
35187
112565
3200
=8770
20097
3943
38659
48675
124747
47373
101836
15416
5194
110967
6302
23180
62072
95093
42681
810695
42133
5615
85410
7999
21076
3290
103949
49766
92139
92243
82156
32321
12580
31526
40875
111390
56094
11611
822
21068
120276
305682
27734
19756
1001113
14117
90659
12193
140889
62522
92633
21402
42024
81303
5913
7129
703117
162806
111030
16120
80666
21206
100230
715
21074
3410
142217
72284
37093
1078027
33550
3965
93579
1255
122732
81749
120757
107537
81547
40263
96887
85614
132139
110534
29017
4216
15093
136090
51243
10760
64601
41249
90016
31567
72963
32054
92305
41370
113144
102839
127570
20775
133553
202817
128624
61521
121737
11414
95097
22228
34537
112863
83022
7219
82169
100514
93105
157073
7525
31023
47866
62966
42993
91486
27012
152574
7635
48442
920906
1234
191975
71178
50708
4616
5618
111304
43795
22898
71246
92489
236002
41156
6600
26579
49971
40924
3516
109048
47174
3159
104890
33947
65384
122350
130844
28595
4589
36633
4415
33504
12771
41128
142360
98609
132252
99911
109563
81023
04637
37365
81964
128113

33171
12319
112331
104208
1131
161590
12848
5005
35095
31660
119914
114556
121947
60333
4853
3622
39207
42566
61019
100834
106569
98141
122744
123777
97606
36761
30170
3857
1125470
93158
92274
121723
7440
80111
87408
101051
158788
104122
70081
32006
28161
3669
402040
87087
2679
66853
113245
4644
107007
70203
4144
163370
6251
21456
9085
111147
20039
153115
102683
118124
30468
29168
32871
112605
41043
14552
112951
20224
42557
128979
32212
24168
131708
10833
122962
14178601
125350
12804
1109369
9720
3765
122196
20183
111619
36634
3571
30331
71293
44666
82591
92878
303674
121009
31643
6352
19370
9636
122979
19800
22199
48189
71012
26826
117701
51837
24121
202744
129860
30150
123164
98552
25569
12937o
41308
41022
119654
4590
199257
91026
810
102294
1110880
151050
112183
44397
201220
101217
81100
10577
13125
132
402094
143768
836482
126278
54055
71681
21571
22499
14125
13186
1190
21823
26559
61347
80463
12591
80610
243992
31122
43210
210664
7244
107068
20521
46079
132034
59856
432701
13204
82102
6903
241
12930
70624
69766
260356
11254
127127
95103
49915
9960
138551
71046
13727
95485
1219974
19952
26304
12695
26010
78030
311270
70331
121615
12042
42397
122301
10789
221315
26695
201852
197444
112569
30469
35641
122123
26604
111831
149415
110199
198464
4421
910800
39144
162950
34881
83098
70050
19313
182839
9248
34950
5138
2541
100841
51989
81752
32537
101016
11257
81991
42533
112133
720099
430868
798
33226
111667
8279)
11270
91870
65897
92883
5221
700783
33819
80983
193603
11180
12271
20484
88445
76079
92217
5488
4308
111054
192175
101069
31506
6776
121653
200852
121077
8767
111797
3586
4720
102069
87069
77075
11820
37482
27116
79505
42202
102135
110804
42154
190983
118259
73269
121963
7959
3951
40444
41070
84102
192099
82005
37306
138760
22558
79651
10836
92264
87201
122004
67169
22022
34496
21340
102015
70159
33159
8967
41903
6999
131677
22076
32860
93670
221050
509
99999
7011
49044
88863
143054
29745
81029
97423
71803
80180
30768
121189
10003
82595
508672
52563
6381
9176
71311
142474
194722
126779
105014
92217
8834
68123
58238
3643|
12404
19959
127429
1056
190299
115821
156120
109143
82985
42413
50234
3551
170312
9167
21165
803247
9095
32743
110054
33666
166072
91304
33164
60429
8442
101970
21639
38029
128869
192005
116683
62001
71454
171760
55030
3587
23669
80784
41010
29752
61977
51229
32586
411602
121326
1301563
128502
11138
22599
5027
2397
362
120800
41724
25327
74988
103249
40908
39175
2246
41321
20775
180
161196
93
101734
121717
11979
59075
11250
13255
18705
16657
117075
79673
4276
110856
172967
101310
111119
126088
82300
5366
81251
22626
38432
126271
129579
141522
83980
111867
69406
9228
82262
76231
62544
41314
113336
9678
41531
47350
10329
201443
19370
11289
29607
40755
61
92769
80491
91489
4675
31267
102867
16636
191777
62144
167875
40686
73667
107856
5900
188757
21777
9386
7789
72066
20113
90557
49264
148306
31998
110356
141017
81853
51274
422616
121287
50694
287653
19759
124008
17988
124080
96387
122576
210
125166
76487
32210
911195
7804
6695
91311
104017
6057
10156
17946
2267
03498
121703
43619
116067
129773
90253
191059
5495
14521
147767
182998
10315
88144
74129
198888
47028
3476
106360
20774
91966
42373
33006
93070
12141
92200
120448
21623
74400
40069
4160
90614
151059
72964
114100
106907
61282
110231
59891
10500
16335
523489
84105
149876
26235
41830
223058
21191
9678
85664
8422
1923023
111208
145
15586
4682
192101
4439
3473
59121
20225
130283
28110
56185
4630
2184
120728
11222
22981
94965
76786
112433
29233
92307
109652
112914
81931
114833
149004
91376
95723
206900
19695
6857
99456
12331
9562
979
41399
3553
59762
19679
40083
9161
3760
7030
521531
52484
12076
131219
101476
9711
8503
4209<SOS>7
22263
29080
51610
400102
113786
109792
18451
71579
03679
3360
120602
40722
4260
26308
147817
9167
1286
85623
115118
3389
43282
31454
50595
302657
195191
205602
6077
79305
10326
51076
81897
131097
17473
1202703
1462
1958
91451
62900
13368
91931
32346
40991
45847
22007'
16285
4253
43313
45174
98175
62764
20807
48769
6218
70120
99296
110716
200737
30766
140915
82343
130205
69622
10661
50533
32660
81654
42110
99680
51249
49129
128096
21021
170696
119441
423670
21140
26069
83822
207022
83 97
8314
8499
80636
112094
12441
105028
10100
136462
45303
5491
219877
13579
192320
192051
112011
20698
95903
95288
82803
189875
111137
7174
189778
62802
41994
4668
40698
3184
22600
4040
142884
22505
21933
3033
20669
66361
2468
19119
104520
120133
103957
112422
148751
82197
134369
r7301
23778
192256
220315
51229
63207
77388
123980
63
22312
51101
121046
192736
52787
1114552
30862
3113
86755
137147
12386
335
1096795
43791
112231
115462
32077
410204
194903
210507
22398
133166
762266
114355
51577
173673
5513
910978
30071
67220
34489
105912
31500
51767
62163
479
118752
61855
4188
71633
63716
21007
131952
2851
14278
112919
115971
121121
13960
99633
29094
38482
51002
34177
112285
8178
22685
181962
34761
3356
6627
70646
98516
500449
88803
101689
111688
39692
46016
97494
10343
122065
7578
20432
62702
26999
7541
51584
104143
154622
71155
10556
101296
22876
74012
116690
127291
105869
8129
91340
62356
110386
170800
10616
91862
123322
62333
21766
1310880
5392
124846
533022
102192
97059
41051
16332
63491
33887
71823
140114
3408
6363
34337
85147
21815
42378
32803
183977
64567
101492
48056
8391
121908
17986
3741
63361
198174
111523
122783
82271
42063
92218
108039
11307
46234
30275
81267
121147
187014
31577
80193
68340
72112
806643
84822
42486
59893
305300
15479
34450
32650
183219
6456
42843
20272
21850
40896
708
32094
62415
1903
151157
7111
12775
48026
66225
26012
71221
60233
60160
1129
118408
134419
42115
10382
40900
150376
54768
3441
33973
760160
4491
42689
122064
60699
321134
14342
80299
12434
13295
135313
137194
69451
192489
1633
23437
82695
17154
167334
17179
84809
80445
8787
93627
123926
50179
112489
9242
186815
97704
25300
21185
300709
135772
99934
4660
238969
140109
125885
64610
20673
3797
409001
41095
102017
13023
114014
89828
102089
109235
84916
8907
19761
104666
124917
130427
809075
91242
40831
79228
121124
27774
83276
18214
65618
81144
22119
71277
103477
62467
36043
93145
81788
72103
91032
99766
71605
52798
98045
13262
75365
42661
199199
32621
4790
156196
122231
112598
41069
26903
19086
46501
6899
171567
81906
93788
133123
37888
108090
90222
249
62800l
39731
121596
117970
219
112771
42075
21563
91346
92056
3C232
142072
103125
29302
40159
71
99769
13358
33569
192396
12552
30358
6801
30063
20299
70146
19966
22520
99755
31864
111591
61264
70560
42064
90756
142225
51854
122084
32372
111878
37771
12338
6884
152250
40239
33881
207498
510513
82H3
187987
51853
8446
30688
1612630
21926
6775B
9654
69671
4131
994
22059
142942
121014
21497
90152
87488
158383
19714
83692
115660
48054
6519
602121
22337
39374
2945
82140
39116
20262
51852
20608
8165
194650
92373
12951
166989
1005102
42174
11161
48254
193450
11770
87349
49900
71239
112616
19726
73024
6245
20294
53867
112370
76394
74419
92490
1009118
59114
57485
6265
21459
139642
4586
3173
301
86872
90903
85569
22392
92572
7583
22396
54362
1212426
90691
42485
85729
79700
40668
120008
129883
60488
128559
30036
10802
104495
80966
22024
54769
77039
1686
122967
90227
3027
193645
196036
651
46588
3569
191697
26654
191496
4366
14282
211391
151928
72235<
11769
58376
45938
12288
82234
111485
30648
38182
82874
8051
7889
20454
103988
179403
8138
180165
29789
65837
1264
9494
47887
121372
1121012
330502
62559
+11046
5336
197972
1387313
70076
88535
40609
149215
34863
60476
3418
22631
1206627
51104
1129432
9464
903330
160983
130523
101356
112959
499
475
61034
1810999
112864
834
71876
105879
98204
30140
4039
7860
5187
81045
19028
5409
122441
1202765
66242
12126
92319
22560
72557
57119
506368
7661
107525
83286
29188
101074
51884
83566
5512
73371
51623
41020
128633
31191
132447
92381
42129
12161
126546
190153
7785
57954
182630
1000169
83242
402251
7916
19779
4871
80916
63518
121207
63
92362
2398
00169
130336
10444
55424
205023
4521
13255
193314
29847
30348
92449
193875
6862
61700
109087
7302
914309
118339
123168
98694
99222
122701
16528
465
12017
19243
505322
76609
110376
75771
20129
41222
121970
120663
96715
43351
111113
167782
19841
11605
128169
40594
21030
91277
32297
51450
1001412
81178
14163
118215
21479
4125
87908
89250
30334
21804
57387
121109
90924
88569
12324
4098
21583
4190
19516
417
47602
20529
52192
331
42024
42011
153808
49820
84283
1121188
47330
96779
19250
11200
121673
36215
33421
47024
62215
51343
197230
152890
120333
120405
63317
29979
107240
11536
50270
4260
23045
88823
10402
6078
624
47881
7723
22843
143321
5622
132664
45209
4112
75150
2460
172506
33301
413968
280052
95186
19754
182759
6893
201
19873
41667
39692
]1119
7616
127029
140273
171553
59193
545
101999
119
121059
55503
51412
236948
42305
21877
12785
14259
111142
50735
338
31963
19954
22258
118556
89349
42699
126198
5246
5734
27401
81310
1100930
30110
44806
122765
41466
935
65025
30156
4921
31754
70612
k91086
53095
95582
81993
108565
42114
42297
97842
103164
8747
15828
90116
9942
121128
8649
28078
145527
83453
131660
91516
111642
30886
42155
96926
32010
12291
4855
88582
61150
37665

701974
5166
191224
538
14548
23924
42091
5837
122064
1210
31086
101097
111020
64330
123678
51778
193214
25881
2087
128008
30109
1020896
91228
1012667
12921
155164
196006
603695
100167
110964
97253
86075
40080
121120
104143
50477
103315
102968
113024
33231
91223
18563
10865
120627
45127
419548
41214
126397
102778
5831
11303
32297
120165
84360
102474
116082
197271
192804
154231
97
12025
22491
192158
64200
61411
4939
150589
61728
101959
16658
12277
16911
90962
14776
130942
4703
4765
9987
191766
128029
191187
5254
1610086
122548
9119|
8887
127001
79689
41804
196096
514098
3562
171673
7721
121837
22885
122264
22897
50111
165663
102786
101005
160425
6363
1997
2221
401049
40357
190574
632313
61159
93407
73070
124214
4467
6086
205927
142019
17524
924625
121621
62358
14673
128863
111727
13818
12298
93722
22312
157999
17196
913449
442
281
10212

121888
39487
11671
99702
49130
30021
51159
11799
107862
50787
116640
49955
101074
160112
91306
112997
a4128
70437
89167
193882
80927
39193
20313
101060
58185
140142
82242
50918
31112
120468
40227
73521
31101
76655
80472
27696
20110
99019
80334
18578
61907
73422
47210
24146
26454
131486
15973
111116
412790
41495
83052
1020227
92505
91066
77540
16059
214699
805
39854
2997
3631
60034
183124
129786
30011
112192
131943
70267
83127
87797
80538
92270
9790
111574
18775
79664
120600
935
230525
76488
102715
37493
71281
3269
107930
179980
90799
33740
93150
46909
34251
12558
29212
3339
4321
140032
38679
31105
130869
35791
62911
53766
117759
8396
20071
T5954
103916
14968
121483
108959
21266
62063
71832
53114
42038
<97920
81678
29869
12813
15886
6979
84985
32622
62481
511
43512
122269
71721
911796
77530
111982
123427
318073
600
92181
12211
923571
8398
42853
54666
192690
9169
80211
9209
108978
5855
12149
225966
41165
40989
76263
6299
61925
80776
562127
6865
50096
85640
23306
91422
58620
191938
782727
190877
19115
3-660
40576
89357
51177
98800
27252
21189
5286
11139
84926
132425
47365
61184
77053
46269
11635
156955
82359
117795
25564
40677
53975
4777
121991
122073
21176
200310
87864
192201
100562
9960
136069
71480
4681
114203
102841
123702
46620
92012
197941
98982
4369
42622
1501463
3067
6172
67396
20926
32150
31191
56633
97697
121578
14512
53339
135732
5426
82061
22105
1036074
88000
82189
77675
93481
118705
40956
191685
64784
169705
18870
31607
80123
212677
40301
105775
153612
121117
160009
12337
71161
6564
11464
6756
30272
703495
52456
82385
487090
81382
99802
15518
22962
200119
94284
191182
133001
6641
68524
122602
101952
122221
47374
3281
192163
66106
183256
114509
20851
50314
41267
125802
101297
9013
81213
153094
119579
22000
4801
192954
42307
122812
43379
30357
61201
182053
40167
61353
191495
55333
112421
113423
120549
71552
59359
568
8974
32082
20618
79424
91306
111240
>4203
42723
37777
62513

129101
07023
8
138291
62555
11101
48213
69167
58893
59010
19760
4691
22298
52593
111156
170719
209550
120495
111547
32950
99583
59996
712171
45
32043
6583
07194
18165
56089
38026
53261
149819
1218
1001630
171729
41560
18226
27567
513997
36102
136867
23128
191777
71115
25790
202478
8274
42042
31652
31736
1001905
198096
41407
112438
126905
110643
50245
177707
149071
508663
22060
92160
42529
9871
33011
42290
22377
24006
101642
45655
114780
72954
82873
105276
7302
62300
45550
111640
2984
90360
80130
12925
11728
91444
50260
4418
592
192772
19439
59128
60427
81402
131102
9285
11558
44117
111
143991
21771
110446
5352
101933
43489
172961
864798
9569
29964
117233
4031
175320
3223
81896
37063
37120
4852
102526
6219
152424
44991
14960
51259
47703
6992
33858
12645
9003
112120
21796
191912
107887
9396
30915
20777
36106
103676
361735
10429
60648
61598
40364
51109
116132
52934
7496
211904
102957
51294
122394
527210
28047
0280
9567
15253
11870
112365
11587
133446
39444
82017
84287
30164
80419
82245
40073M
912746
34437
101756
102315
29
12099
42848
47709
60333
24063
197263
130268
63169
2431
21744
119139
9276
91053
5879
96181
21809
45938
2210
6592
121374
29228
970012
71857
6987
63355
50785
99190
120827
121062
1130876
131246
82786
20137
33474
216767
70558
12832
77597
263335
116887
120403
98706
902353
40924
72068
98963
52897
2195
21798
33009
22659
1N9115
31028
72997
9887
81791
34669
10285
63226
120359
21102
817540
1010755
122408
6678
381766
59826
1129116
855230
1211871
41377
171251
53664
3540
86014
5870
9651
201486
141019
191395
128198
3096
109100
44406
21270
128182
131138
40991
39927
80499
4123
5048
76996
9609
3125
69350
341976
11780
2178
103037
6810
126000
23817
13262
12414
80966
12245
101864
20280
70156
39690
41193
120646

67833
192650
66445
8688
91271
40365
264963
152111
3471
131016
27429
44850
612
832
19463
40201
105896
92137
102565
16876
4712
62668
1297
117982
79462
47635
102007
16040
15357
120175
9134
86559
124754
42055
130033
2674
87835
33051
21712
103908
697385
126679
87230
93944
198421
1112345
262300
170933
122106
111064
134968
6492
20
9039
44577
84958
11588
92655
98617
121183
103167
55986
9672
42600
121034
71821
32944
60124
427621
1977
93552
71174
65769
9247
21433
108169
58662
18277
111689
2733
19923
10114
121766
7282
43521
83468
422160
48712
44584
123707
121475
29027
40299
60549
126183
32356
13723
21998
4807
4547
32852
133162
90056
30970
19288
1122936
9867
100656
386
214
64012
20276
14886
131258
87736
146750
128479
71971
40903
284
12263
2668
4171
61040
21683
112329
169163
106257
112242
36492
102
52611
42475
121568
188565
44033
10119
58033
91184
53369
19943
108419
31331
216811
82611
4709
195620
2498
1878
60905
20584
1919714
4021
168327
151182
71015
6889
124500
181391
20711
18870
27349
4014
40469
5576
191522
76653
112050
984104
6651
192479
111939
133086
102039
31771
13302
42866
68525
27866
82768
153645
8656
105667
61898
181012
10692
70257
12126
31216
24989
98854
75223
6518
125227
111104
39823
122681
7798
140975
1112225
3564
84262
90990
201723
45236
71164
141767
71163
21001
111167
39021
19208
406977
7415
93042
30670
92063
3097
70315
112263
72092
128507
183609
19392
51764
145018
1201823
12277
200546
91021
81806
3335
111329
86740
192282
92080
3211
7o00
62221
24479
102375
109961
82193
42302
110520
4454
1013316
48812
92000
185787
142487
80259
101329
72347
187067
8145
58671
1203335
3062
40715
37227
192179
100879
45271
101539
30691
122421
85598
29253
50293
14923
42769
50517
117160
40923
21466
2739
121461
165980
610063
31256
115676
153751
50478
42120
22771
31945
2362
109342
203017
62347
62219
7030
45180
90616
7046
2610
113002
434
21097
50571
90126
95363
82018
12306
41216
19867
40486
38422
41993
9937
91697
111780
12571
4809
40105
47300
715566
48901
87194
11409
2256
12230
93047
103028
191709
D23004
22694
91335
13254
82467
42639
222
95861
71225
22187
7686
84998
11988
118916
43145
82240
82876
111821
22372
111296
21686
4222
3179
92401
156666
922940
104260
30972
7572
40167
161019
191447
121083
1702786
29097
182009
23579
3111
5857
81118
81001
91094
4140
110781
42800
41229
125671
10160
4899
19269
91696
100021
6869
6318
61361
59060
100575
62177
46048
158254
99912
92306
8432
124116
2307
23252
81770
9416
10447
1110057
91685
4049
1581
9882
31195
56762
30523
120196
79798
92948
1130027
71722
51140
123777
4857
30117
94552
5424
150570
74705
42642
12060
81895
83930
84827
61458
51117
20534
72304
29589
21100
2988
125614
125126
1399
161299
7714
30525
96293
4987
66068
104102
29879
42336
5318
140
51169
118405
105289
145698
114000
98176
91919
80
75861
22124
6806
8859
91152
22404
60149
91906
60678
620255
113091
8639
25000
;11860
44720
83041
20191
38139
12204
122573
115012
179964
17483
20508
82879
402708
8774
91222
1125784
725
12322
33552
9498
8104
68187
501218
12300
1111017
20134
101053
130219
123224
121032
44917
75949
51472
121746
40296
216677
72052
93608
3428
71582
4123
7308
82010
39762
23420
158439
57966
190507
80308
172053
33792
8470
45610
42945
62962
53749
120288
637
111308
12216
13755
5
233
39889
117745
48099
33663
52237
101474
9415
61871
33266
32006
24673
111168
92576
41959
50944
166047
16700
321676
14145
66997
171232
81003
47288
40890
10864
31424
72805
9130
396
12464
112187
33612
71876
9281
110976
21541
42099
1108665
691447
110190
111245
14716
72177
1118861
10
123139
4891
151696
33369
7509
10476
40292
101967
557626
28262
59267
80114
8671
48065
10826
501967
713751
111160
120201
12217
110937
36603
18102
301470
52454
151433
197829
193671
72771
98666
111046
121279
E89600
52974
27077
76779
42686
34957
122286
33978
111420
12470
810784
203886
2168
191120
12776
194243
32973
3032
22612
798
82040
91566
70161
117188
231192
5910
97079
61327
1221
13862
71086
141296
41015
71672
2025
81464
81879
51863
12984
82981
90716
16161
14424
41177
40462
80955
11563
8866
62525
129634
719
40695
92601vC
9143
152776
43503
23796
25059
4760
22739
123068
142144
85575
8629
2495
30766
210287
12165
114440
48286
33488
121581
77639
8371
31197
7322
43610
V2455
7826
3772
323350
110146
58338
1021577
4456
55
6823
9977
171196
113088
22796
177726
87109
122928
41000
42412
122856
40926
66101
32151
12290
6205
2259
447
123195
98401
9
43124
15225
52094
1209
39301
141358
83504
3653
21373
121019
15402
122125
6008
498
12118
41363
70278
51017
89873
63085
112054
21176
1514708
13082
139230
102054
40065
21548
13180
150496
86990
44071
26095
15160
41605
163443
3982
70213
132868
1022840
101166
19337
113067
41155
52888
10189
184063
1802273
488305
42303
915037
151234
21031
99116
64476
1112419
28813
45635
700438
90012
122451
423473
25713
7046
47799
30583
925381
70261
102426
102244
79780
107606
22196
2499
7810
70606
12294
19868
97466
213872
56224
22889
101668
k837
70954
121057
81990
28192
121804
171089
92251
127055
421349
7671
1100280
110003
48378
4555
12578
31551
650972
319025
200142
4831
113316
110137
112965
175279
29619
165363
41889
142633
82384
3676
9203
8500
5649
55557
41260
1515217
1024074
81585
172435
15281
9572
72567
113659
42704
24018
27415
5479
12037
23113
91658
2787
10804
121782
35269
29045
101332
8963
111199
12270
133382
42233
84777
12261
314
140049
1037
91170
100857
23688
23666
124017
91661
19249
98066
22325
40456
12607
23902
3342
141165
125701
111493
5282
5101
111851
113542
23500
5107
7473
122399
96282
424266
08992
77940
29845
52259
102111
2936
117842
120600
3188
132871
20676
25677
4236
23769
19472
48245
91565
413377
105300
128074
71315
89295
403
178522
56380
49331
57222
10622
51424
88764
111213
77820
199888
62966
23199
85370
7519
100081
122705
44251
155013
32401
4451
50461
83480
223177
137874
91420
111925
403108
12869

21112
143981
768863
120049
89090
46607
726
61853
191405
92801
312405
111544
112611
63218
8333
33797
136711
3742
57137
103172
246
42679
1231
90340
70068
42898
79272
70464
439674
20834
4149
105527
49612
7788
9774
50171
129496
1312561
151746
22673
92092
3862
91991
7471
10029
20350
9207
178262
38666
126199
2028
1312
18202
76071
82083
710033
57197
93200
97455
165569
3111
201266
148874
44357
20596
151467
128923
61851
172251
111164
1212000
90203
32263
35946
141560
1004112
775
32344
92676
9502
7600
139011
93469
909504
84283
90440
65459
545
128665
54367
192793
103208
93312
91163
4902
66589
121905
71376
169278
b3124
8119
803114
192961
51290
119345
122720
8136
%57609
13497
555
73250
24577
92634
40706
74260
81865
19196
69877
134044
112453
92023
80283
25004
1132271
01643
83966
169488
105477
8532
42001
82127
91750
49015
112287
99533
58905
45939
193208
7
192486
493427
711268
@14754
132543
6601
21475
2705
1010302
16787
609791
76504
1121274
207746
19596
7878
42795
4977
196814
2085
34036
58850
116669
40249
90521
121425
80280
50687
1250
193356
6315
173947
9346
40297
101093
4876
3724
161783
902252
111867
54112
81659
457
3170
202190
43130
110599
127652
1101464
71898
7174

112687
20363
91269
4421
23032
6624
149348
49105
111364
7586
42703
4794
22584
70400
41272
112306
811513
61654
82611
195194
74442
32823
2100
134228
603
901544
32176
83804
111581
108185
82457
25285
97816
49367
9706
59270
33390
70299
121775
102526
202381
111161
59829
12291
20028
111592
22184
98976
70232
160896
8349
8606
121019
63567
1703203
83380
108260
43047
20924
103284
42001
296041
31866
108792
7753
68947
20302
1048
192025
47172
101016
143881
127343
60986
111222
15511
29205
26237
8886
65662
110252
101656
1003557
64696
27769
1017
40219
246
113014
131627
51180
60597
93299
11659
89399
806320
307156
24117
99150
58862
1888
60559
69183
3562
42758
110025
413711
111429
39219
51964
41470
111919
127191
39866
63350
3594
22546
78816
3634
49899
70881
69409
51813
2752
141662
186072
88803
4482
121899
21776
48098
47669
52575
47537
6656
38225
43453
9447
41148
184105
1101505
78709
11427
98817
42674
64916
22540
2569
1533
125203
15503
913094
130555
189885
6519
44573
97039
2833
81050
141560
131463
55280
166765
2427
87831
1018784
56673
6129
11072
119689
112912
909764
102800
2215
3278
8911
102272
52168
92971
81251
47565
191145
716357
60129
32673
3896
122982
112441
5453
42157
91347
23666
34536
70499
176568
42083
101587
5501
10981
87493
19579
70968
182
3413
151632
9550
257902
1929
2144
142763
191962
82937
103231
83592
122782
74999
150565
12498
40144
22546
12072
38403
120027
5566
2841
7749
5751
112499
211793
9352
110061
51221
21485
11985
7571
64114
199605
49063
39593
23565
41843
106214
86456
4692
41363
42248
174676
42636
21335
71364
11678
111037
77762
2300
41604
30530
91169
501900
3887
51596
160996
70111
70410
10055
117080
141066
64899
16151
120571
108656
110197
2291
21000
111296
822975
8920
4845
33716
5087
7606
112049
177788
51746
122596
150672
109162
19516
190166
121399
5
3268
68046
3307
97506
19671
40551
31279
30891
11122
7888
1102862
20137
4298
51766
26086
8
119824
8
120281
84420
80281
2048
142267
800675
921080
48967
44953
97212
54098
137180
126456
18171
161878
122322
519947
3801
51
14372
32671
198677
102967
14551
321060
295250
8560
58051
1102876
84706
26994
46622
5305
158225
55313
28766
57687
872
25317
60840
4282
23476
4734
52074
8540
021991
120343
30924
71676
12265
52759
51313
4797
21718
43105
41167
13305
112004
84881
870
41890
42506
56674
9610
47698
90313
12681
4146
25966
13680
1112159
6512
304191
123550
111440
8259
40263
42461
11082+
79084
48070
31189
71464
214328
21797
95247
56827
111040
79402
65152
1
40072
46127
92569
31017
12930
126451
85651
22293
123995
25232
3422
20270
101708
115111
19447
2549
91602
80760
32766
6691
61783
2857
119031
11025
1316917
106089
42274
25572
95471
1934764
182309
22285
11457
115669
134909
8116
119866
10062
32057
93067
55749
29967
91370
39668
140104
110156
533014
120844
79001
25865
172795
119027
102299
33285
152889
322766
12772
3455
116121
30958
84248
7110
23670
2148
89176
1201819
111455
31026
90782
9974
9001
4229
192084
112906
10514
41309
22529
39877
162366
10233
31901
1175955
77891
1022110
32399
52395
1166
642049
111911
32040
82176
162270
3799
28191
192255
160115
11654
42757
t0310
29040
732880
104444
8521
9155
111350
3914
8191
1890
50372
10863
8459
92696
70935
10183
122349
154526
18265
128412
146244
48854
10136
69870
152071
118585
11705
622958
8103
28286
20025
71642
42301
20126
120631
9129
2446_
1189
38
23383
71769
105764
74631
94347
4630
92709
60935
4763
7882
721211
8164
2573
12559
6429
121033
194608
84518
43104
121881
7306
80124
74241
128155
74078
18367
60014
120561
47722
97563
35878
9105
111050
57121
91979
14452
40981
111282
129592
20466
112243
5133
42681
88279
75806
70284
14522
90007
104018
63662
134469
41876
115606
922552
77994
81898
92672
118007
156107
60247
19806
12949
21891
19751
68914
6664
7984
62860
35154
8971
108822
39433
27663
15742
71567
41910
35277
120583
41153
111757
192956
5029
11194
35830
20997
109615
10216
121912
24814
121605
61705
11955
63636
183767
101700
29649
89904
53900
25787
111041
108705
33805
13172
9378
80969
63100
83009
36540
14257
23077
6196
32185
83264
30452
123267
78802
91351
55794
52069
41941
2961
6549
229435
3623
62981
7501
132617
3189
40602
102359
71744
110001
55368
54688
104800
21783
90081
120005
43394
40577
44158
410475
8875
314
112085
4746
1400104
3947
436
48361
81192
11959
2214
96981
4297
92876
3951
9831
76948
53161
400166
90624
57440
7978
217667
34836
20816
6646
16518
101137
4966
222704
21478
183950
25745
24760
128007
82509
13769
22965
196903
6221
92494
80504
88064
80732
70453
3139
8051
5651
197932
60089
42964
125703
23021
5067
10670
33971
61545
101323
410220
47024
26119
3179
63413
22670
47719
107276
152858
73739
7550
1012386
12015
80992
8882
102006
12160
96264
109467
77557
19452
51126
120
31429
6911
108500
720015
9122
100367
12
208077
94816
76954
132574
112213
31755
111030
79165
19844
38775
192769
121799
94489
120146
19061
4781
115705
1121673
31209
120113
98683
91014
59284
96297
802168
102656
82485
61274
6869
61336
127903
58476
9977
42934
150251
26804
67289
4876
695
34947
1111875
102134
318927
102122
120003
71127
42007
2397
101438
49973
505370
87661
121261
31875
3219
88543
406369
221414
37233
51596
73119
41930
89009
201812
21673
91939
3114
72076
172940
02577
96134
87009
162787
15341
144162
05198
30098
200665
42193
96472
67804
59290
22170
20187
62236
416969
96083
3498
10157
142248
51777
103391
32296
52299
306082
35910
3495
530452
71215
7334
3227
91159
194577
14804
122846
124031
51096
3095
13790
73092
29331
41293
99981
162103
3594
1023966
121016
465
96090
56
49722
126271
173994
80117
14688
44998
923754
68167
126773
79020
41464
503661
75702
1106964
14681
58167
7033
47422
136547
10386
56321
421001
133487
40819
3270
7459
5773
41507
103126
43268
010
121577
62342
63026
90606
97874
125012
60020
46571
3274
59907
4208
54657
118012
82159
51063
5666*
620
63391
93831
72190
147061
154794
116081
96275
39945
3614
62661
93260
52203
12118
18308
49840
12544
139177
101134
1200722
5759
7959
191758
L1556
172730
5451
42374
60698
33143
72517
129453
85233
132194
36349
206860
92799
40366
9337
82011
171080
111115
125142
73244
177891
131669
8862
1205347
71418
40506
12767
12163
45520
3302
124821
203744
56695
102520
9988
114302
152149
509817
15033
112640
131596
7595
60300
1109
82594
129129
31930
975
70571
42431
14254
9424
32307
60271
102362
123611
31802
52513
120936
50114
101134
95681
61952
41143
104201
33961
4775
101849
12720
31697
160436
103334
3217
8348
42323
131571
120267
61649
34356
37607
72247
82278
39462
110666
8982
3461
330395
92095
91239
4817
207333
72301
80X461
83121
92422
111492
1008888
45858
3280
10006
191280
120361
81395
92500
18085
20868
75010
161923
101980
91160
102101
30578
6585
22136
111987
173020
32424
00062
31275
63329
14862
1310446
25327
23773
112209
52581
9134
9769
2558
4220
181137
12320
91013
10236
3763
32470
39164
60320
6924
129670
8924
72075
4178
121140
39808
120903
10047
118312
36007
60251
52583
83772
61090
122870
1210
25097
130528
41123
32342
63167
66819
561
123107
89279
57328
48801
139747
71042
1228
43197
3231
81693
42303
182530
28468
25442
6876
614972
210633
48105
125652
21364
51076
48832
129394
75733
40795
33110
130092
122576
72199
5571
120517
53520
191162
b5067
120957
22715
121991
93222
63005
191581
56692
62695
6935
117741
210563
1115
20172
65776
23867
128746
10473
112278
2594
39062
181874
94119
62216
78866
52106
112072
110539
193380
70241
95087
5022
47008
42005
8151
122871
410003
48291
80131
40954
181950
4089
9112
4211
51950
99W02
141636
59000
29897
810
12375
60326
9974
90517
42786
47439
121634
14489
32244
152
1213927
17970
8850
91438
34010
172151
722023
40230
22485
28
18557
23523
43809
61282
2265
60099
151783
31224
83481
111005
32872
1101787
70499
72145
18029
175809
121870
4229
121939
146352
102031
1914376
82407
14712
19972
31077
2794
76970
42392
50731
19455
80824
80190
13471
92982
81803
31350
78979
7218
52871
122376
94258
558
220777
99528
47561
42107
132066
119718
110653
131357
91661
14518
20858
62
3578
122168
22852
900132
94455
123480
12591
41643
8455
21763
8563
143356
4263
37687
5571
96819
34457
85371
118332
137275
5322
10171
42755
20116
112281
6937
6420
16016
101695
44084
47709
24494
25956
40968
64369
40308
58963
71136
28633
3344
7976
6207
20083
15781
100311
81042
42384
10176
71152
111668
49956
121134
61380
31147
42872
61063
30779
9058
81786
716
40467
3004
190039
1201987
44253
1024693
19854
79536
15100
90970
170266
83517
190647
09682
121761
190081
201866
60197
213746
82290
191162
167071
28683
27448
32265
109318
79745
41591
28977
31814
91750
61420
1110
71423
201083
66128
18972
17548
22780
92088
81912
92655
35759
26164
100136
63371
122341
148993
6207
31666
92263
66977
19
34572
14712
26313
6878
6897
1298
98959
52694
28350
211022
94999
60948
23296
51709
70436
19269
48916
45676
151112
198784
34
40111
92653
39299
4295
8089
1910032
83356
4221
010610
550
4231
242
162490
99406
56557
65021
728
95141
31349
162674
48764
50970
202342
180779
3784
76963
428469
31291
70605
85190
221
22992
25953
125269
79885
202
111150
3491
112992
39070
31000
91989
32496
22861
19544
101099
1103986
12145
159944
11509
76284
107207
41217
40471
4114
14142
74036
142842
121535
113140
310823
4311
51307
102489
62846
121743
91621
60029
142083
75
97463
449896
1e04807
32602
101582
75690
928391
81287
6812
192750
9919
42250
8801
128269
86060
81199
P23096
46161
92963
400
68008
46100
108050
93998
92484
82060
161444
421
123767
690055
74172
9349
1W1827
94194
218167
42424
39849
93060
52397
101196
71091
8151
114009
607323
105666
22224
5792
90628
30799
614536
973335
31163
41113
102535
7134
36843
412228
42066
82087
172199
32897
81976
43655
42732
93411
5135
8997
52550
121200
111643
101034
5029
e7512
44159
8420
191187
98607
25156
92796
91163
23175
132905
8113
1000776
4664
905
102205
92198
24897
74340
57761
188225
100795
20974
60843
19956
73070
141070
32469
80249
201905
1023593
10133
190654
302309
151557
99180
171769
121357
13041
112470
123422
37436
5846
740
17027
191567
168666
41571
40339
125872
199378
22047
(2133
126522
33075
99719
190961
1027
91276
62663
16179t
23002
121424
41613
100366
3350
19525
32331
21352
86571
101991
2412
65860
110276
24542
5421
93532
82249
81999
185572

1221825
11950
101471
51602
130601
41313
32448
584
45669
37012
100756
10307
56925
67596
88969
121599
67963
822184
69965
196428
103466
61474
6236
113904
11030
68817
72293
102576
82964
193363
8809
120767
43325
85625
5107
73033
71375
9706
41657
16322
7008
41443
19567
50579
411704
81692
141514
915496
8720
46141
14716
130757
34027
191104
3679
111
42668
129636
9164
71560
31064
23510
1106281
113956
140985
121109
%2966
1112779
22192
122450
42159
82204
33577
111272
26509
72153
14055
28677
11487
62359
14209
33299
143604
96457
119781
8270
79057
32876
19052
146125
119200
69097
36017
41280
82479
52080
90617
120550
118231
113893
43914
9325
80002
11528
318827
14295
104029
82465
118
102737
72582
169958
10234
60451
42470
28704
26351
50540
78830
111098
600597
61737
82948
46701
4796
23251
129627
1101688
42410
113
51559

76228
22950
6347
544
103901
42368
91009
972
100569
51741
33205
73770
401609
116225
35908
957715
41543
53475
3408
123362
26397
131981
4660
51077
142075
30217
130914

28846
19177
121774
121020
22375
60313
369
43125
42079
22038
197628
81597
22029
35350
128411
12188
22979
51168
78934
88709
191528
199045
22921
152085
100179
199296
132601
152151
4459
3205
02283
17420
148346
20325
79159
3154
70564
112299
94014
60668
14074
71979
160100
1111256
34936
80577
49978
15761
138246
24033
1^1062
1321
72660
115443
75500
52926
6228
122880
31268
311
122480
87456
112197
81733
45737
133970

111590
9391
208
57654
22890
81394
41120
48145
32060
20146
191119
61086
28553
101675
128095
42143
24553
10511
509505
52823
111174
130726
25401
12636
6543
90018
20081
114819
38370
67220
100046
29597
9709
98230
98701
191079
12403
621901
01129
520782
1110187
23193
11101
6091
17771
33083
315184
70048
42715
32759
225344
177976
65689
43780
126256
92187
1203863
111788
8879
87545
83631
90259
12166
98044
117355
4933
31176
87885
4817
27675
144197
42961
108144
81420
32259
11545
45285
617
91242
49880
821003
82961
61765
4988
20214
11814
63915
151647
1019556
81951
101268
201311
41651
118314
72050
41508
126094
42945
24384
83486
199551
27308
1120205
43238
73042
160528
87721
69675
40470
170078
114994
25063
191663
29342
33974
132191a
30192
102257
12950
8257
42779
34720
585
42576k
51396
202042
89016
41289
119982
100133
83543
91811
40159
68063
8
115772
78799
81532
119
5718
141884
91043
51915
172476
82149
111201
46723
28765
82122
131412
82322
59689
814D8
10966
93201
33660
3989
121246
29517
91073
189206
46218
12931
68364
90044
25917
17610
30195
61978
124555
46875
41223
62353
27094
28743
42081
41103
63157
27304
31575
23115
19905
23866
1750666
4286
02530
141571
101696
02332
39824
26257
3363
33750
88316
30707
87061
3256
120700
15455
114905
91270
181075
41970
81962
27264
57696
73192
89623
1163582
u10309
21594
42724
411706
23277
101535
8316
80398
989
9590
4342
5931
197069
99787
51162
106962
81099
70330
17899
111111
19822
1090990
123616
1022574
3474
1a0200
6740
89715
113422
136447
131907
43428
199229
11955
7596
87132
100162
71166
58272
187702
43963
197279
105112
7534
22745
15318
26268
18324
107878
15155
58767
99833
111694
80659
37320
61123
103006
199653
96876
80917
34769
71290
72657
44902
40900
8282
149970
115073
29856
122647
110117
122665
70122
911586
118391
190280
115243
101094
132523
101776
21924
41406
141979
300161
50663
196014
20519
911136
92859
1010845
81139
9250
126217
48390
111996
08036
62683
82753
32091
51166
46963
191804
112296
71560
169279
9531
181910
71128
110616
73232
25527
146711
112637
30804
8423
106652
40248
125169
29416
5763
62577
57232
42101
19506
31258
101663
101088
11461
8896
102471
100481
6974
95948
124949
78694
12966
91822
123114
20199
121276
695
193609
4156
26032
98653
72785
530
30008
32872
120650
71267
11309
29901
1674
64732
64417
3331
42137
120825
7098
56609
71818
48633
112004
11257
42033
121697
22976
11162
21077
142008
30694
6163
41099
91105
192788
31211
32098
38011
5772
100032
153690
91195
3233C
48266
6304
42671
49024
121106
12816
19068
61525
12547
1102330
6532
21241
2256
156295
58409
705266
102802
12327
83801
43102
121285
22898
192540
78340
12782
31541
9256
224314
113291
43020
108867
120120
1916
28821
518
62597
32474
42419
72696
71746
95898
49533
99062
105169
919
43350
58272
199727
49075
50694
169974
3259
4556
6052
12690
1006800
146801
106042
101116
102702
19548
41196
563
10402
61594
58165
196534
61326
20941
110230
49432
200952
22971
108390
6609
97700
152200
34563
157781
927880
121971
8715
5474
176999
78499
116871
272617
36040
55707
48223
72839
11866
1820
77609
141116
190123
21745
98192
72833
3876
2250
92193
179706
41183
5131
11502
80236
14619
49617
143134
120855
92169
8701
80123
102252
45849
5904
190157
44296
92076
5581
43263
91194
82046
39050
3055
8152
18109
1014563
4658
8985
131204
113039
32834
221364
13509
24189
9822
22969
70475
46565
49922
30585
72142
126503
43423
119977
90648
95872
191048
1137401
171873
30714
50335
11361
41927
65939
1086
1016149
8923
150549
62789
11527
108749
71492
34665
85287
22881
69075
44351
40282
77020
120374
110821
126233
7557
121027
71072
200461
62415
9261
131048
79352
1104278
14619
80322
59961
70840
7426
5801
42445
29235
6765
23543
31717
4778
113487
87745
6938
108463
132745
12748
9798
41667
96087
20116
17360
8027
112081
196779
50047
58431
196563
60713
98737
29850
61627
128049
105479
42118
29862
7300
57773
133670
1191
40009
31142
100201
124792
76431
3295
121427
176095
116561
82074
3630
510967
29583
53300
33047
56563
80132
22915
112183
81194
72513
153665
902070
114293
108656
1010109
76427
100306
111566
121643
49757
13200
11777
82423
15688
109619
8629
87016
8470
81469
23193
91402
4312
30170
807646
41369
40483
42638
142076
52939
47245
39752
62229
26033
45087
111279
150471
30032
5190
42162
16896
105964
171802
34868
93252
42240
74659
208014
1051
96900
21937
83700
69260
89723
49152
111078
62073
92170
106496
112964
120582
85761
302674
221353
21556
33677
2170
1671
90211
40644
4233
180674
71773
64482
02959
B654
43876
110515
46223
56914
50865
54050
41907
112871
98724
121045
41742
302208
71185
4968
51602
152594
88028
1117
68650
177388
22560
140878
54795
221719
119567
123152
193302
15321
143363
11396
93696
75296
111824
1940
315
121744
11880
31622
85990
85346
108761
31199
80597
1212379
21453
92899
44672
64532
1005965
4458
12015
111079
59088
443
110198
919732
150148
42097
10715
61247
981
81839
15910
21732
58078
200652
90930
113709
38290
41291
101535
1013542
61248
121526
1023788
55563
91030
101331
25271
38784
23972
171806
111536
213263
73002
138223
4498
12770
26909
122181
8267
70469
202398
5263
11354
32634
7889
48689
79610
76685
35705
99004
33179
9766
35112
76397
43784
161259
110932
49022
3181
42361
301133
49240
4940
8621
88737
31047
191757
102046
767886
191457
44713
11873
44258
199463
52170
1001567
2086
12519
37877
18453
129002
49249
42856
5116
71399
43607
190650
12240
41203
91483
51906
51667
122752
91214
54983
151058
25255
99163
27610
62157
25600
61522
47658
507
414773
87403
85
191863
45945
69625
37034
88109
92371
714
120486
30653
97164
82465
44990
31020
34783
88304
193549
30959
11547
26244
12766
7148
30543

1207221
111069
822155
30009
27305
117494
3765
65969
9179
125669
56151
3976
u5758
41677
13181
105807
9530
111263
77541
81796
131226
67496
78711
83218
20010
195723
54231
330
23273
1112
32911
92224
102023
134175
61061
4460
15262
41811
71619
12857
26034
10775
6813
30518
46828
99701
202111
46220
46360
121137
93236
44342
120239
79040
11564
22655
6591
192454
111732
53142
6920
190224
93096
92711
32955
111676
62550
33826
42282
65399
121220
31467
98456
14124
20004
60250
12803
121486
103520
8830
15411
125817
42977
319966
92618
170535
99745
2168
107054
180970
99699
172959
121251
51723
702168
48676
122276
101866
12290
1338
133420
1102897
15094
6898
95667
51476
52168
103152
5965
90803
12633
188295
78422
101188
113100
89094
91934
59414
26476
72782
114059
18367
12953
790265
01753
526454
69067
53987
173099
33201
91311
91648
7487
161929
102375
19375
30752
4376
21876
26999
133866
99115
6826
43112
916
7200
129256
40401
34864
13226
92666
103143
5241
150630
89056
192345
420765
26404
312671
190283
80219
814172
43198
97969
36854
9355
22306
10276
117653
170567
206593
5212
89732
502008
103227
1012783
162270
121797
7380
666
67945
11063
123250
73127
19158
20193
64880
70163
50119
24320
45718
28641
49533
3296
820062
14227
11222
42693
19718
19478
208878
4299
80181
19881
31969
11178
1B0900
9503
1206925
132603
95406
108746
106900
21667
110
1235
145751
102976
7530
45568
111156
251073
142103
90180
70582
162098
42171
65232
121289
32817
112305
111586
31081
32314
19566
62927
51759
2037
7611
22092
129998
12903
111332
34879
71685
70101
1945
170987
17329
101535
51462
508469
48098
31015
122570
39991
17115
42151
68993
202986
48283
81971
20869
1947804
15206
10133
103981
103137
103872
4576
12149
91077
3196
94176
97655
74088
5735
5102
12332
59972
4567
10010
1011243
92006
102017
4090
123473
137500
10996
101053
33191
112052
6069
711228
312832
193993
110621
90119
7978
38757
9062
74506
89428
121001
119420
71699
122297
41982
101202
1099?3
103331
18200
13992
44099
62188
46333
33133
29071
41843
11156
42145
12157
2965
14846
3018
51535
7171
19427
118601
60163
12785
12550
3267
1280078
91776
87260
85769
78950
100642
70491
58466
2
50007
19164
143351
12100
57595
150796
22011
195250
12680
40289
9702
20497
219131
624
51155
76199
122339
76562
11929
40361
19822
796870
24211
93930
31017
160167
1113059
198440
32551
159958
81057
95797
8193
4316
14993
62007
62028
41610
828766
13881
111771
92391
1113219
19077
42215
52179
12340
125236
7314
51060
12778
121480
5407
4217
20699
41516
6840
4180
22493
191049
115837
18450
9877
35976
40581
61876
11796
26756
514
127269
125773
3694
101845
21819
10564
102300
24139
4540
87345
38563
21296
41
234404
94383
107762
50391
127035
32691
6317
8970
111577
127795
31126
9560
93585
42006
13976
73256
112953
96365
44390
33066
89478
190482
124067
121055
166077
22258
121952
102283
109103
333266
82862
96722
111065
12077
1532455
100299
6484
92095
101084
231606
82374
48664
37689
8804
24021
111716
43033
1720471
911473
5352
42025
116782
101445
90183
5499
195622
62343
194364
3336
499
30276
161571
152133
35359
8428
51111
61247
7262
9
93
158506
73110
90645
82676
9702
66898
95561
53775
22876
31437
7172
33562
15115
41381
63097
5253
4755
131224
101235
76086
17281
104266
92444

50425
73128
60753
25827
12
10461
81887
18179
11022
316#6
120363
7192
101185
71792
26413
45935
79066
42706
151088
3915(
130807
191780
141444
76251
25692
182417
174923
7595
44140
23002
40287
64793
71082
61944
170354
21739
41579
6708
166874
4665
72809
102020
121461
120758
778428
921980
91855
720316
130031
33583
7073
12434
301228
82083
123360
21428
4561
132963
3282
81013
131960
6366
102641
42386
41911
120108
102168
26382
3599
117807
55256
10212
62
112692
101098
5321
14014
50464
2339
191615
14964
42224
1017590
31299
145199
42080
35433
145
15296
5623
58463
22122
429796
233262
78572
28386
16919
7556
161122
14631
42625
115085
24125
3369
 11103
46409
92168
62850
86060
3103
118523
9706
112707
96145
2153
134
400353
91141
4181
93352
15689
121526
33051
53274
14166
785
136949
44020
9355
91300
52324
12324
34963
42754
10892
7783
212465
353
111829
79358
4085
41095
70780
7
122548
4027
80797
218926
70101
15259
213157
99680
75036
100547
45689
22516
4438
56252
102144
83981
50369
49702
902120
194113
131007
19726
31171
42077
188003
30252
8241
20681
93664
70943
126400
193201
185421
63756
111324
21873
49032
22616
46951
8284
16656
72460
63321
3128
111171
21575
107766
14719
138578
72116
8105
3640
4722
72017
7593
191352
101693
2466
11019
81992
70767
111274
38860
102921
104210
36996
41769
31828
1543
22270
8206
140803
42901
139693
909025
42846
191742
41919
22069
43137
5525
18013
182856
77280
71229
41506
35690
362809
18179
44462
79004
192450
961550
70254
91817
191766
44723
52468
111039
11887
41832
422050
10118
62135
8780
105272
32104
107062
71886
80121
53106
29618
2589
102879
6277
56961
38837
91896
111669
82080
208878
117172
104471
32042
9900
20007
)2254
61421
4085
50095
12511
97
115886
91458
52767
101106
146403
7190
71664
96558
42123
11886
32914
6023
14384
1120979
112893
147452
6500
4276
46321
408773
34308
21689
33150
2297
78763
38085
161435
32524
500669
20685
13219
70609
31193
199658
19683
121765
180249
63219
36554
191086
12324
142139
97500
191545
9490
42236
3209
76283
81008
151991
22508
31742
87274
6539
31602
39921
1082004
82018
7184
105443
86957
112197
Y4425
75347
133271
21571
120796
6991
101266
1107876
120583
195251
9783
1015
31989
7779
45348
151316
23002
26826
132137
90755
151237
142961
7635
12240
7650
81488
7215
90860
103066
119251
72812
15624
42040
90193
406683
32773
65048
112444
93698
121960
09135
188213
7428
38117
41129
7323
1215
9433
25580
147221
7561
51369
48826
26657
181528
124673
3272
317
212642
71273
146056
11785
55272
12127
7287
25439
21234
110677
113512
103631
110259
118001
31112
15637
219677
00159
56110
22087
51691
185437
27035
120110
119220
110553
23699
88325
13372
140582
53281
30790
924684
6672
150211
23937
402957
113716
44275
51721
31301
70961
190215
157697
6691
2096
89363
30122
21953
101241
26090
90553
96884
220763
54900
72184
82768
199858
40108
119033
92635
33191
21103
3480
19581
26736
10276
52971
88131
71555
136750
8829
507
50739
32167
122099
22729
875
31354
73106
45089
84807
1903016
63574
92026
12401
65159
649
56076
312
6419
103064
56902
23260
41769
22372
50181
52775
202358
70900
33463
156179
102370
115631
57262
30823
102570
55149
34515
43699
80601
102788
4587
91250
32103
181038
21081
110344
30265
133058
51877
1M0268
121128
31999
7570
337
118934
94146
44782
191239
3990
3485
110927
42292
17389
1651
47931
90807
112047
67423
5888
40865
51421
96075
86013
6769
118062
61490
69242
89032
6204
70513
46857
80448
102946
621755
58669
5649
125966
42552
11669
44220
69571
994279
49210
32455
800476
1119091
20895
51998
197776
40110
191467
405854
112203
7318
20113
190931
121938
52012
33108
5266
151686
118144
68831
70164
114520
17698
7110
15430
31210
5195
22110
4628
3844
28801
7869
122257
605212
37767
3216
72379
2366
5691
224
30820
6866
22202
1010372
11890
52316
171818
79717
32779
132676
6502
83406
21991
36234
102776
70676
63414
26300
197097
43002
9563
77234
434
51052
1436
101266
39654
52342
2305
28100
99933
22322
143230
29663
7753
80855
510832
32230
68597
16464
11076
65274
122780
30760
36917
18684
62020
71181
61445
19576
1227381
92184
7060
42520
72834
108923
111669
400972
500392
110228
24292
42933
133872
191360
108671
32205
7263
91226
84455
68312
181023
60303
190104
91400
112533
110433
158106
52059
80596
19955
50277
75430
111742
402215
104886
32421
5851
3799
41
816883
70764
155149
49277

121658
37014
166194
22712
934718
83860
24656
41550
22316
73693
2980
12E373
94763
104675
80299
155657
322265
182648
93138
109899
72994
186711
101978
21392
40802
7752
38923
12189
63521
74010
93252
75340
88731
23873
2876
41100
102
199176
41840
19486
82111
30142
22622
+6593
121393
23109
182200
11250
88573
71018
6804
2412
6147
124791
20081
187573
137246
81405
171871
13198
186321
65474
182488
612073
20777
5631
12346
73075
62554
195000
81294
148089
715623
122792
71212
38058
121181
20904
3307
60328
35431
3171
126700
1111867
85377
136301
73098
303464
80221
5622
4418
19706
60402
53430
48209
19269
30496
1194563
80924
102884
3724
02416
39377
94177
42109
122672
1118633
129564
7057
81780
62106
83365
142201
4989
56178
151299
7209'
20309
59068
93254
96518
3188]
91666
81989
5731
96008
21733
701293
225332
147272
142407
36192
123859
1120047
94653
41955
196270
114532
113558
17390
125752
35457
74657
21986
05245
31766
12563
159923
8259
52632
85852
917
101099
96252
14492
4843
12799
131832
120311
70043
516090
191420
58847
6419
32188
1322459
52333
32335
141179
172102
20681
151443
80186
80950
92981
42550
120229
75
54204
1210256
109975
710867
101620
24171
32241
99450
6096
92749
43505
8021
247452
10117
189879
72383
121970
805
908919
10223
110630
66563
75797
32448
102343
282730
51220
39619
92206
23142
900
25743
98898
1108610
114206
205336
31025
202818
202868
108999
71771
95740
47205
34619
156082
11997
82527
73052
121104
46881
428383
10284
71002
70250
52832
31325
111371
189867
91605
891
12087
20974
60326
122023
9584
9813
3213
126152
9100
99
12561
70309
51201
1124
201215
111440
6743
1026275
51637
99654
7908
133360
523066
124068
310
2401
112273
161702
51894
201149
501100
21950
22192
307
112310
42271
105446
70698
12250/
101679
129722
710103
g1301
110106
69275
1177
20236
38027
122031
116315
79137
101037
167243
31169
2361
8490
20709
2548
12124
118270
106561
121562
5800
638830
70521
20205
65927
118822
4424
1610024
86152
32339
8119
172117
122764
9995
4170
8864
102674
42363
1156
11612
41365
8187
191020
120992
56740
121085
129776
102826
43240
50026
32096
81319
59592
86691
51956
99856
99762
108000
101235
141844
4222
17100
130577
6839
4099
2121
123120
77952
42869
12417
60341
101128
37622
12221
41100
87974
1333
75305
50282
3190
160434
71156
49064
2534
6014
177183
69749
59933
65237
90372
53117
124086
102173
16875
199862
6975
128682
30897
121877
1120164
65548
102297
201268
4820
39503
172218
122234
121513
40002
10148
8@860
199810
300253
272870
191187
61924
132359
29083
4
23067
142068
210604
64048
60675
103176
54069
121430
81202
192997
96199
609899
9361
35469
7912
185830
608773
160041
2497
41293
41423
70353
43799
27051
95140
12872
49100
27756
62553
31703
12858
86819
9713
1903
6023
140046
45122
115727
5487
4469
124777
25600
110412
128426
111881
133610
138994
1210771
191807
671
X9045
102014
19107
39293
50001
7755
2607
799586
24847
62625
40143
32699
149070
32503
111172
83883
401338
125117
109631
10208
332
31080
84266
142063
902901
89292
86758
3305
181711
42402
911310
62345s
72958
67096
69092
49620
5430
17986
20820
112700
153894
176204
110750
81400
67355
833697
34412
12739
6560
72903
82272
40712
8355
16176
10501
13805
14761
121669
4773
82702
701062
423126
3718
12287
199167
4204
23949
82312
2712
68783
21826
12183
610701
70728
703145
34009
112881
182
2599
42440
2452
122008
9294
112182
13169
10222
6223
21509
82892
160729
60677
8121
123550
22313
4605
7134
62770
123165
14658
1410
182010
20711
115485
129995
47780
306
172176
32009
26360
61702
31511

7905
92500
90173
57925
30862
131431
70560
40038
121499
59653
5276
6282
19515
81877
8785
11062
2054
161065
15722
46878
2969
42285
21291
192967
32467
94414
11130
1121
7267
126255
31722
52379
52122
02255
3251
60503
82509
117011
11715
27308
783399
21089
3293
120846
42103
96370
156171
61215
221570
12243
94671
9169
21255
99518
121850
128206
82129
46196
121378
18617
602512
94636
2736
72094
42312
157982
3141
88954
137018
121117
80933
7461
70601
93663
32717
15573
112775
134871
185045
3413
181277
18291
1921662
414668
101782
122819
129661
30441
89138
82611
411659
122378
89033
4152
39170
207462
70878
54015
38787
50529
18174
64244
55336
58625
12991
84256
20930
56843
413260
101389
190805
188066
4462
105331
32706
74491
83067
102299
76354
122398
185966
2240
