70081
42346
72160
8980
50040
82556
13243
100287
71996
3309
137818
18576
115068
26141
22547
40176
122876
955
53030
17518
1144
24390
191453
65120
265439
140209
10194
211700
42364
12260
73473
112
63647
59246
190767
1488
10117
182492
3462
64200
66632
14052
11176
140738
343
39857
9407
12911
129822
50693
87976
92501
7271
311
121413
30713
137070
109406
30027
66250
171954
41422
2057
101902
28620
96069
32568
141160
34655
20107
9963
8262
9674
42384
42304
111579
122244
32302
102067
80160
18472
16700
127701
20193
701
130794
82084
9276
20329
149193
8102
105345
22922
15599
1010515
34535
5216
81695
12903
12400
120127
7341
64275
3421
71431
119495
11954
122
6535
7157
17112
70444
45542
115551
21852
175200
117493
51171
50102
12275
54298
103854
106711
20149
120477
611321
39015
98019
102243
911571
5260
97163
200273
39019
266
18897
44714
1129869
1087
42674
86070
149063
333
40274
5856
46066
22240
11196
5311
2362
8756
7535
112046
42254

72129
82111
8702
133678
4334
30673
90904
21759
20601
49923
94572
51308
94443
05843
58648
3351
3273
52872
22506
19270
44519
19911
31259
5050
45735
50467
12734
153103
5136
91366
4267
2171
75436
5532
055902
55
198916
82054
12409
9826
63908
25558
22890
1265
5940
41847
422935
32182
102173
4384
24056
121905
954
666
125100
1313
023260
73389
112460
50896
22996
030070
62649
76206
123406
110803
402705
8212
68767
14982
69079
7318
125190
5994
50866
3083
82854
420166
107781
55887
21489
86508
6333
1516423
91485
82588
7541
21317
13662
81040
1216
32235
11047
5291
57645
30508
19101
111112
23003
13413
19097
11018
6016
30179
11134
111462
1003273
3029
13879
8980
11467
142835
22785
72177
5447
42004
120994
11166
32901
66034
120602
100226
44233
11012
22961
12125
132675
11185
72386
84194
32024
12061
125666
122363
19044
26171
9234
33770
560
20458
52683
12933
9724
78873
351
131098
58356
4264
69560
8365
76342
31208
8050
41390
1983
760600
104728
164730
127453
25520
5598
7272
51052
4414
16690
02600
19236
51589
14363
72023
947
70936
5017
41139
59155
61194
60152
94001
3270
34107
24189
10993
12281
13831
39648
11771
112112
2409
100544
8013
1
8060
33559
151679
6588
41467
5265
101647
721601
1990175
325
112269
10020
91250
3289
8326
8475
2284
62501
128738
36875
6470
51638
114657
2936
72083
7199
11707
38187
121872
127504
4296
81017
5015
106205
122859
5056
948
30107
198890
3259
43991
13711
55572
61423
39022
52653
59762
8124
3113
63095
16117
138153
76282
64299
29156
16111
130274
24268
210407
45573
12326
8784
Y25867
112
11232
713
9450
62044
5237
8732
88885
9119
120579
103744
114402
140864
17082
31649
32122
72333
7981
20004
130629
195829
3174
26766
128468
33699
118873
20096
30037
42523
22550
43
3408
63562
48346
112986
153667
19123
5985
83544
12781
113285
43243
28921
10223
91981
52996
13089
61003
5114
113746
68246
93785
83060
621
97769
50993
4916
8845
15226
0323
101
70137
5435
2196
49884
7583
29287
2205
96367
182041
70702
122862
49717
10543
12286
103473
o5163
3152
30180
5456
11009
66054
51151
13253
3357
63600
56607
34147
23011
70726
2534
103308
052792
60514
62337
28687
112398
41706
62072
11974
109601
60567
51914
18834
1011
48537
44042
38201
4924
402069
9599
32390
181711
46211
5192
1261
46685
123765
14814
34179
122237
129562
16669
6933
117465
211274
2943
30315
62200
4535
33203
41611
81752
149465
26077
136092
86044
100337
128581
40854
4416
42168
119495
9554
131515
218075
171218
31609
81967
168565

89266
92503
68877
3957
86118
121069
<SOS>841111
42299
92575
111211
71099
12799
9104
17686
91305
55988
101862
1196111
52362
78775
11198
14637
23227
55108
31299
021806
101953
55712
038421
48211
123725
188926
79736
23069
027500
176185
10172
93781
4471
1222
2614
4199
26660
50311
564
124116
2915
96111
17688
1140
9714
076181
149893
19048
14162
8889
51977
11273
81241
180841
22162
2277
22470
140180
32009
7295
50479
122009
2554
111454
17414
12154
461863
11683
163924
31849
100806
30390
14513
100998
130985
32821
92770
110010
7512
60324
5747
90100
50468
400967
132469
80105
26456
122165
67470
112053
20736
48778
115919
23797
46204
189619
7214
8879
90243
192684
91236
21575
32219
161260
128033
118794
5696
123221
26550
91874
22019
36907
101021
2462
60843
15280
5601
131975
70189
30516
5539
89031
92948
5774
72937
91981
142186
12506
22086
5508
86384
52128
128083
134622
118685
22082
196511
52415
104274
99193
132272
991
97729
73607
02732
36122
62796
31727
156286
164991
191490
43830
2134
6975
51123
170715
81346
17018
20195
49311
289
24783
33096
91194
122946
11207
34090
206689
100061
82197
38260
17962
26649
60009
23604
35015
112079
20411
6331
13280
5829
11619
56097
42825
51553
4402
74142
1211
4626
2984
83321
98231
20070
4718
64166
37078
3312
80321
53082
12788
37310
111984
5524
4299
80846
8205
14847
101
21309
8704
42064
68304
100007
6320
7522
12151
30660
4144
2454
42253
82124
121918
100161
9350
44521
91484
127118
4315
135234
90480
11135
102868
45629
42559
88887
22401
4459
151550
8141
102694
5180
54940
88901
87034
90994
31819
605793
88882
42268
8600
602936
128612
207748
107340
153870
149923
119991
86621
105138
116224
214666
70328
27662
53346
111133
743
96082
40877
155559
101789
4299
10398
958
34532
122669
90192
106
40100
62803
106441
6563
2360
112712
6937
3381
4706
4352
12951
62380
09930
64822
11279
52764
91989
39040
9207
71902
42159
60916
204468
101319
42076
192773
20961
132662
3636
16069
21690
168696
98555
79659
102675
32735
174249
2597
115909
121522
59337
75799
2818
110351
40364
102007
3410
25923
117656
110713
17914
73047
9501
19597
921
20013
77916
80217
80076
30253
47867
96235
3665
51037
22297
90214
3158
42072
12624
71905
19979
61888
2849
3665
98072
101917
9041
157680
60926
23613
32731
317
15405
71686
9999
114572
80942
1186
4014
19710
63109
101340
8110
11289
112781
110
139042
7481
129569
636
11945
114511
95275
108072
129810
6207
5599
21963
107650
52800
11189
20351
7816
112156
51843
98248
4737
126993
83071
81159
18253
1976
131696
129983
98215
465
126964
101104
51462
122983
121970
8334
40176
49636
81292
19851
3271
9587
58034
33675
9575
52500
41830
81874
101176
82104
44243
10105
8199
67560
62366
22350
324
31572
50020
5133
23782
59183
5758
132854
10098
52663
34138
3684
101362
4997
803494
29506
60167
1786
131696
8453
2572
5136
152753
28101
26363
42142
114525
150743
7922
60779
86281
43269
113825
99068
17187
9129
119906
3277
143065

122768
3
149
62270
1201038
84300
106670
64969
56022
50485
91432
7210
110104
122142
7331
20620
28029
101661
199100
122733
60378
114742
2396
123931
422609
190270
328986
38266
126628
3510
80842
26016
95562
62600
89096
22504
54356
41407
50112
78831
48017
51069
103567
4257
85570
87814
12577
209793
142547
12140
54334

2181
115338
27562
81056
40187
6367
3244
62582
35615
3188
/975
80742
4442
23626
28299
31158
9678
3624
99215
44708
117667
92666
83294
193565
7743
15886
96548
74049
_1329
127331
88128
198859
45023
100178
917
2855
5570
60580
232774
101564
112119
76903
10255
93331
937
77474
53704
36632
50684
10661
74372
3199
302892
7158
7573
37957
72618
8086
98868
91020
20969
21057
12705
9051
83684
121136
27896
1116
103441
18400
3972
124332
5386
22864
92447
22830
107509
11340
41113
60904
119959
180604
125457
41691
714
2414
16510
132163
85902
21226
4045
4731
142212
7205
44137
4241
82112
2501
739
109835
72434
115536
163055
10202
180399
4306
119616
45134
19881
9419
123614
19275
102578
5281
11809
49836
18326
98979
73441
11751
124856
51146
36372
4035
12188
122535
71178
10000
7927
65960
95637
2352
5852
121626
18572
8508
3509
39133
35661
119223
14159
58874
8449
35032
10262
21692
222217
10611
11255
51577
58164
96600
111058
118583
415
6613
6644
120474
10682
20171
171480
32843
57147
8705
141763
?07081
11664
112114
106
41293
9208
35433
31025
46650
76664
20491
91210
67711
2444
900008
1324
56160
67844
53026
111817
121807
50077
24769
115085
779
50448
6687
11284
2198
70268
98775
954
69073
121483
5335
12305
73194
3571
141521
12497
1333
65833
5060
145089
52765
40453
7237
40266
12566
73797
105514
140
29482
72173
37888
121028
135166
126728
108751
132885
17378
83308
20466
5503
34852
190621
167834
56577
134574
7559
9677
123941
68863
77637
123165
128536
32969
18269
135967
95181
135804
14700
4736
4139
64411
100269
22712
97367
114515
50404
56759
2817
30464
27202
30234
112654
13365
7782
50918
105539
110272
11272
14399
51363
61905
95366
3104
70231
13906
97092
55050
142834
275
21853
91109
6249
2249
79149
111182
52050
99287
4629
2533
179397
12021
132673

16531
60071
19093
6533
69085
72189
23841
19884
18633
32498
150906
53676
119293
91201
2311
0976
191411
132334
3036
170579
39090
11010
137382
84460
62264
90185
79556
71167
32264
85726
29908
81379
111180
51704
244757
597785
2088
32509
807200
4269
30908
143033
16750
45509
35731
32102
902948
5380
63256
90188
60229
20268
7189
79360
1157
1120
41138
1688
86597
61056
4079
31411
61116
95774
71501
63261
61679
303
9703
173463
192642
954
195887
7009
315
19587
101485
3238
19090
117162
02204
42360
15498
12197
107129
108603
402600
110787
6927
3776
23992
212052
16358
44790
167988
7134
112426
96373
190999
h70323
8161
98161
4304
71289
611
78484
36481
61210
47632
87016
36927
3453
4371
18156
69531
82141
21196
84836
31447
24370
19039
121405
3506
2253
11005
11813
62583
20137
172973
124331
09796
69947
3800
191815
92291
80639
5569
196698
78066
1000
40101
21158
25895
06456
191367
59306
9893
51449
21032
9842
8101
2252
84870
120666
159570
63185
30341
91145
12532
40169
102717
32638
14626
118085
191184
7625
9900
3055
126126
165729
194074
9897
4046
11274
6506
8148
42256
8763
35036
9659
15558
10990
6590
00447
32590
3576
499
12319
18114
7264
9926
5700
9421
3760
61116
89219
62817
124140
73876
132708
198891
15293
4241
9494
64369
362
42183
22048
198199
53744
6354
2333
122755
122002
129142
29773
18233
103489
60216
304863
110014
121955
21437
30018
84556
140058
121468
326
121741
4919
9184
95670
63268
22154
110191
105060
80455
3207
11437
3815
1622
7505
42845
500515
4754
14819
61148
6732
40370
4150
41142
34268
84425
z644
4168
32675
332439
122277
145575
4156
174978
9119
6950
7960
144286
1016602
9678
8176
10117
12639
121024
40203
300720
102261
11290
5025
59230
100382
141839
6221
126250
194209
11018
116992
13095
70461
101573
98988
98360
122498
22062
82774
7678
8566
119160
107914
54695
12572
811230
81400
29289
104555
40029
180669
6589
1815
32900
53363
41778
21972
19024
42294
5139
98995
302645
8541
42209
116285
102186
1249
115
4415
168753
04413
7751
82264
8707
31088
21424
6381
77274
131464
71516
102178
59536
79000
115318
30166
6170
91358
3405
29669
60200
86174
6066
20099
27134
29075
122746
20034
11555
64710
30035
27534
96399
89127
12340
82503
3870
6688
96786
14180
1065662
171257
94621
91148
01915
146105
5363

110068
43229
12122
112791
31660
121676
122954
80865
84618
100405
062606
32995
6230
42758
83254
14171
88824
9364
4293
112169
111952
39613
51931
80331
72137
41231
112734
52001
192210
20973
9319
91567
127458
82547
86201
5315
42152
50161
3177
30192
196375
41201
14443
13780
30894
14688
13231
61631
22211
72808
81433
192264
8904
11241
80247
21335
121889
12881
70655
19084
11753
78883
14950
20211
22279
75011
46113
714565
33209
111007
15707
892440
326229
122678
36926
22527
7506
7971
19765
3224
38142
86766
<5312
6294
129006
91900
32331
8523
1162559
11476
55963
34289
44185
03474
196409
2305
4537
40123
14383
8726
88207
16269
8713
123995
33175
22109
72974
12264
41538
4115
90545
142798
2030
94043
23006
12468
19327
62270
82460
80933
107834
112453
10420
501
120899
1525
195226
7613
142311
4973
94563
137969
25209
109413
4248
75939
128992
11057
38060
198717
101367
2209
19104
102180
16702
53163
107555
55793
55765
82874
6770
171863
192608
105209
9006
80165
172994
196411
10855
18270
5075
71171
79047
20885
81200
14582
7704
11446
91974
157932
566
77454
65329
79559
11
438856
15505
132824
212707
42223
14971
49034
209024
80399
180009
622147
182660
111124
133542
78403
30846
24666
37692
60928
107923
116824
151
153195
70547
11428
10500
34240
51085
134828
40795
84906
61293
127003
301182
121676
32027
11913
1217
195631
15167
11258
14518
53127
30659
126500
14909
8025
75886
32538
9571
17821
151596
33061
1200956
36024
4991
131584
c9860
70092
3048
202011
133658
20332
131816
886350
5492
81670
111844
904255
92075
11285
33574
5923
7577
27655
640
180746
9604
81504
145598
110135
31023
60181
1203620
63154
112188
5519
46685
2390
64093
106984
37829
2107
43204
103054
485
70490
91186
15356
122125
938
120211
10942
12652
01589
4527
81880
29115
81
27893
43619
4154
100809
4619
01103
6512
130672
27404
5184
41136
150590
3643
802082
14144
11206
100080
76182
38401
112056
724
619183
42344
13485
9486
114942
29120
80861
6071
41679
213792
86216
20099
192756
37150
86263
8867
5162
2001
129529
126570
74262
10194
11124
8714
81002
81975
17051
18066
106501
162145
18679
77378
98551
41289
10440
14655
5856
20373
120977
9932
509177
3918
12435
71050
60148
88334
42254
50424
51399
6179
24354
83050
5182
92398
299761
6277
1609
4764
21253
55916
19600
86548
71419
19448
<SOS>770993
1525
93320
98149
902
43080
24213
72958
9009
76658
16032
60957
113487
83580
70012
906602
446
168175
6244
132450
110765
129019
3192
9568
170107
92767
14240
25812
17666
17413
14387
8250
21955
75695
4539
6217
22149
1716
8971
3195
119299
404074
81112
56069
19115
91804
40180
162832
172489
123192
721
2313
11998
11178
626295
78899
153297
69777
30356
108561
30959
81747
98092
1435556
6506
87834
120166
18800
90034
41275
9299
23455
45519
50401
33020
6975
2015
59528
2024
78493
110028
30387
60891
75056
2779
412396
92057
962001
6758
99651
17239
7881
20055
101603
5445
112169
61504
99442
70666
130199
4477
5262
99645
31199
15016
103516
17363
1011
117362
12679
102070
31552
27722
41513
23782
19873
40103
31525
101635
30362
50384
26443
42878
186196
7928
123886
11569
13121
32045
17006
46226
7986
11589
8103
70203
11273
91060
9111
3491
129600
18088
79691
924
22578
19609
44451
141346
96722
193108
64117
62957
120991
52848
4191
1224
9299
15613
24807
3575
120668
12306
71684
12463
10556
35548
3589
57715
6101
123956
101622
422664
32989
921791
111411
435247
11195
5454
40075
91233
22099
81066
19752
66565
80110
81880
3412
141073
15421
62183
90804
12535
42712
70544
111169
40220
2496
22063
133064
3614
70592
127043
122902
14981
9638
76380
163368
85930
39037
10967
42851
22978
3651
5953
814
11065
63977
302013
70694
14876
^303
30198
19364
70013
32572
65070
9442
99719
5175
61232
203495
8899
160583
3127
1123
90592
7340
87377
81007
123206
132009
2634
3418
549233
12077
6269
125777
19224
30888
74025
57021
23502
82678
28649
43019
33894
90769
21207
59170
6061
117050
54908
106665
6682
15497
79874
74674
2213
95204
33689
77094
65159
173983
82255
4508
44611
121926
6753
21057
54277
22231
1329721
100899
81120
49060
82911
100048
12149
22631
42806
6
24950
124021
353
9195
114419
53087
207075
76760
023021
122311
18122
G8149
71500
105
120796
31665
108078
51464
95252
21630
7143
13934
30794
30764
196678
102611
118500
957996
65265
92206
40517
10259
250132
68990
111823
42525

42142
44314
7442
1073694
23406
1157596
7215
5990
12356
60744
61591
981
60369
140204
110005
5950
150762
29205
7955
197669
52230
a0520
13033
11629
137351
52330
18254

90419
30914
4501
189815
72019
32346
14003
7564
21152
70632
11338
200552
20685
+562
82855
120426
24066
412492
9993
8640
78576
700674
120917
7592
22148
23229
50424
10227
21936
19819
411894
129970
24689
119606
12911
66643
171912
31231
154643
26100
112467
200432
161736
11140
190003
2536
20693
112283
21344
122337
11217
192552
110777
15765
920966
63950
92612
107777
102670
9925
4955
83794
12089
15554
560
103336
79960
5948
42614
9973
112293
26276
109739
104617
141926
4237
147772
50428
398400
20309
5474
32961
31856
122154
7911
136101
55567
104283
184431
34875
912679
10224
196769
222216
22099
14491

4408
15020
122199
171086
93286
102709
109933
81635
53278
35813
119690
106450
6887
41270
11165
78
95396
33152
121272
101294
44208
1566
108079
221
6191
54127
60468
84163
12534
25672
112191
15242
34457
73443
180402
12191
1161386
5453
126978
101546
46353
3578
81471
81945
6793
21629
6714
95100
25228
38118
7574
9004
129092
101195
126689
20287
18590
5003
7080
5032
91026
4316
3180
32451
309
58990
6787
11725
47770
44027
121071
132101
5818
t0526
181
9764
177163
4906
89014
72273
60262
32101
73989
1887
4569
1985
2045
128700
191270
4436
31270
50463
48251
6830
3919
121056
76270
26060
7884
25558
102087
42679
9075
120040
195729
60563
67266
48807
1106
588
60644
98200
7301
115666
50511
11829
50969
103410
26157
7372
59665
102777
62069
1409
121528
198517
128815
8780
121046
96794
31429
82291
110595
92390
31565
65077
5415
6763
6886
96668
141009
123892
104844
141873
51103
2057
48111
123699
172574
121204
12507
15045
12081
124085
191150
54421
5739
16283
121110
100685
11107
5476
12790
219276
802033
30713
8880
120557
97285
186414
15414
91461
55123
102124
122962
44519
4044
84819
4194
101758
3121
15897
5633
90891
6255
64531
197267
19677
11910
55303
169359
500973
46896
20314
10840
13173
89966
8867
136729
101269
8806
14735
9510
50036
2357
111365
70083
116375
9110
100862
2103
14877
7331
51251
32642
29192
145408
70207
11386
90099
1400
181150
10771
119008
46817
120726
29321
903299

50120
1315
22360
12753
190108
6531
196531
71461
06905
21316
9606
51855
3597
79928
110660
580
52642
312
525
31092
124830
140828
105096
6492
17690
173233
2945
61299
61199
51125
62126
15187
122662
39935
357449
11205
5546
30159
130013
136130
2728
91457
73711
181515
6307
6013
22526
18046
22279
38264
6123
121996
15197
20627
1171281
185452
10195
6680
127625
1812
125350
584
5584
88003
10103
92466
9901
110912
46362
121779
92079
40556
7999
4741
50278
102770
110479
101676
75697
11664
42597
41636
50047
9841
28955
32386
66905
1119
94799
4642
120127
61951
6720
112032
11781
119527
62240
7739
81386
53761
704
5217
192740
33044
104702
52262
49968
3387

80914
45405
155349
1514
15208
116670
97538
13960
101992
91065
93353
39464
127531
71133
74479
155974
89191
116381
55142
3672
7558
194360
59282
21677
8555
71320
1191
46368
25162
152879
65548
89246
102732
31196
95184
100468
80170
84139
129793
905
525115
11203
92605
4185
71258
61004
28967
6500
49264
5399
50770
95614
5081
9010
81740
12663
13056
4867
426256
62933
201364
R9039
22564
210729
72202
111857
14341
27778

2938
11530
14198
130366
109119
13566
7913
41096
62637
3540
54068
547
73182
1125371

10173
70049
21589
72759
106015
16114
30309
87944
89727
31404
111098
11145
10464
62138
79241
50609
94257
210306
226705
13281
53095
7399
3336
j735
83676
20776
128590
2567
515865
11316
3485
20061
62755
115602
70005
250031
5841
85837
62558
4933
383798
4300
59635
00998
14081
610766
94076
8308
167520
83907
11160
111993
111685
96212
12633
114485
7214
27379
9724
29153
2250
116020
19245
6145
5536
60477
121551
119109
5865
20844
202781
117354
7675
65953
7745
32595
19691
14813
5454
22212
23021
81561
32502
6217
647044
29645
21912
91952
52284
21069
111754
109597
44813
49250
53616
13304
14275
61360
0495
22275
20544
126360
27977
78095
01697
69270
138701
102051
122314
100270
80888
x2911
3993
25561
22334
3390
122039
112916
44836
56872
4067
10190
21223
786
30833
73929
4999
13672
123715
5975
1194
29174
81
69541
77266
30977
41764
81606
47860
70264
22900
41535
11594
5673
13597
42657
26206
87500
125016
3797
71323
75930
3155
8103
51835
112001
915444
39198
5411
5014
4255
26595
128387
6466
41733
10136
1113755
101706
177361
6317
21313
45878
5948
39481
62683
233
6262
91349
7975
32789
5992
942607
101445
107314
112996
50794
106174
131236
70255
15173
6325
119
2918
13392
124637
32160
120368
100024
4277
27831
6274
57997
18176
7931
100301
73036
111202
46514
62630
101304
96449
102118
67338
111080
43262
6474
40199
102007
111173
112681
45000
64131
12477
9718
32736
32473
131390
11299
42488
121984
96171
120665
51210
211119
113400
106564
101944
3992
21103
123244
15464
6263
121362
20434
508084
45074
110257
6415
63142
105081
81256
43019
31966
01155
73315
114185
25306
31926
62867
541
106279
77256
15532
11161
67510
184038
35611
65427
42923
1079306
61961
41014
1121
22556
2334
3523
68144
91781
17082
4767
5034
9447
127531
10467
6272
30133
8821
87273
25007
53763
114650
84284
31572
61288
61332
82314
15402
91510
21231
30087
697
545
110164
151357
5122
107096
50183
34898
38014
22000
172789
80523
102764
11967
14176
91189
12071
106006
12005
6456
111606
17198
90123
139191
20061
12571
5421
110479
82043
197588
91816
136165
09879
8027
65939
109287
49111
(1364
87189
5573
71016
32064
2436
34744
04076
4354
225483
51028
13770
17996
15697
42061
29049
122269
19239
4258
123023
2235
42342
10160
23713
8177
4551
109514
33447
40724
77511
23016
99589
31778
9396
_636
8734
21670
4838
110880
7180
4682
192006
8436
156540
23935
13557
1319
z1500
11195
21994
32470
114279
14707
144299
30841
2
25396
11057
78904
110185
123461
31163
115016
11006
0510
79918
61370
38235
6582
907019
4434
15004
36585
46363
32638
80418
51995
4056
62678
11389
11463
27119
3013
90266
T2660
60038
122260
120195
3553
5991
99761
33143
109673
7554
7934
94457
121299
53323
3174
60232
31000
122009
902245
92640
22079
55664
31594
116051
10250
20419
111551
99733
1835
60562
33056
40062
122094
3613
3700
62502
84276
74000
82127
8470
184582
12919
3765
02202
92050
28616
11546
68277
6600
3145
8050
108200
4180
7504
43475
9019
89263
70487
132056
141593
157561
924263
3279
2498
40432
127756
34083
1970
7423
3604
5914
120212
12597
53104
71376
9384
1947
83789
306853
58990
130851
912812
78309
29669
91822
52515
198469
49210
6740
20221
61536
41454
32300
16372
88187
9054
11345
110784
181296
39740
55091
1516
31460
191339
158
7424
22762
80045
99009
5646
20167
82987
89991

80534
126484
81576
3103
34462
99542
80157
504588
110289
112273
13575
31473
8208
1215
9555
120771
45857
73190
6557
21234
143489
83410
5837
46198
126465
20324
4228
14635
50635
194862
14213
40728
11041
8932
3204
5666
7454
3707
72541
13116
9732
5695
15963
3650
42507
9422
57962
70013
19326
7531
14096
61920
2151
17625
101908
67834
66169
108641
67934
6915
5130
2903
25090
36072
15758
48447
79721
22806
101819
42190
120013
7893
719358
81841
20165
1219
41904
62177
74327
7664
1039070
61773
14255
15194
102483
59675
144467
69559
1099
25454
5005
113748
106280
34627
110011
F038
5366
52450
37410
86323
13328
37373
4560
59973
2409
118578
71171
29099
136597
\2601
26853
40180
0095
92815
99436
75873
49889
17336
85594
9811
11951
95101
4828
22976
3517
68016
61560
4281
3701
71703
23501
42203
1161240
6364
123290
42261
81463
13267
30748
191865
1264
52454
1353
02151
3329
72213
22607
68070
62866
12995
84636
22349
70162
2889
22748
7443
11000
31307
142121
89239
4210
60582
3207
27210
42242
52088
84270
39254
122396
10969
91386
95907
31797
122486
21873
44161
5502
60184
90184
137174
108850
75201
111627
76339
158157
9623
19240
42009
3776
93143
133645
003065
9423
4001
521760
131079
171781
69889
55754
41882
21097
81649
32680
8281
9771
31007
140795
5649
18195
132414
155389
5097
5815
190691
132515
14011
50996
42500
193436
95535
93359
40420
39999
6593
44267
109470
85924
71847
50658
121171
1148
83545
22060
120298
123280
12223
63376
10819
31877
31710
52194
53164
9490
90270
19055
3083
71930
62395
52462
6663
115907
78192
45672
130070
122232
127993
42103
99170
2273
966
101362
3317
110951
24724
90003
91756
63012
75105
32855
12547
50347
4455
121523
161448
54099
4351
111891
72108
18886
6272
119168
9532
5930
16753
11397
3653
4200
57090
26460
92474
8459
10193
142
1015232
22719
98263
198290
4515
88047
61329
74221
36178
62604
12985
34056
61145
5035
125981
150223
119088
98661
102640
103206
12653
9455
40989
115
2483
31173
98153
84336
91948
3781
92400
102546
10900
42480
113576
61684
104826
73631
5865
21977
67634
196504
L2026
61827
40218
52173
80229
47155
60882
82254
12145
43417
95533
1904
22407
17979
7210
127056
11357
91062
154068
114570
47109
194237
40385
148489
14950
58809
171530
11504
4208
5066
8485
12474
63397
8379
8879
2272
12525
24222
112906
21671
42014
71909
105509
99524
91793
22334
118000
42246
37789
20354
72563
20558
84552
94889
19550
73074
189793
68590
5328
88530
98749
3970
222943
123818
111448
60352
7706
27117
23264
5192
17009
5212
62059
955601
116554
42745
11005
69008
105594
131361
30372
59977
90129
10851
50479
122093
47447
301006
8077
1222255
124665
35250
52134
9441
17888
89712
112807
9754
7754
61602
90077
13005
90669
48168
7745
123307
59006
6502
5139
1130
1142
72862
14052
9704
20263
61674
4122
171268
116806
900
90058
44092
27775
911
65825
1156001
464
19440
596
69063
4976
282
4225
31962
32279
17135
82718
114077
111105
91132
196794
122440
25303
22899
116689
4387
64222
127672
153072
121519
171897
121855
338049
12560
4222
71093
120701
30998
22686
116213
5813
12239
101970
9
32643
677
33650
420077
121432
9615
12023
7404
70164
46194
48055

21599
46000
7020
11016
42089
95274
102121
66488
180610
25116
32659
219003
98314
120002
60985
749680
4738
91971
41132
87166
9575
119687
81909
4
1222
120558
40433
12044
67495
1077553
5482
7713
712273
62600
46374
453
19484
32060
120844
3340
1574

122179
20295
438
44633
221583
23457
80425
17792
76124
40076
52344
53913
3184
5261
167540
39269
791
50122
846
62442
50108
48229
652

2035
8999
132166
2275
93032
103021
70432
16513
17274
70110
198179
193234
52943
100180
51373
53215
102896
87453
18256
6256
336872
96662
101666
4520
22098
4100
72399
42287
53964
43402
62385
13783
741869
63050
1006
107801
16966
9759
18056
120782
20166
98701
2558
82578
125562
22478
111575
40631
49656
2361
109990
40220
138197
8095
144
138024
59
129879
220052
60922
13664
37706
50870
3453
55205
10171
81653
9784
62365
2286
34224
117979
51420
98682
152479
195697
102557
52779
195069
4578
70194
23466
34568
192911
42084
122248
110903
10277
28762
3585
114939
195007
128334
92760
30490
36194
3334
23835
96276
5483
41784
5655
8470
9170
101101
62000
103045
23291
52328
69061
2027
73396
334880
804845
20392
175105
51895
111879
65282
61609
62707
9163
31434
124630
08816
1209412
13232
170251
55162
4717
2960
19100
31378
18719
88552
1147463
120996
712042
9510
89769
34201
23145
46854
174688
71006
23725
5846
80039
21002
30692
126032
94298
109568
112189
80420
30101
20000
81168
78924
66273

4192
18741
10691
106740
32403
191302
122163
111189
90684
558
193883
122114
164763
94414
103475
6960
13374
130788
112442
27055
117695
86000
72527
21684
101558
86182
71589
124267
2131
122775
118332
15064
308
43804
10118
41275
119214
191170
12650
11152
78620
113451
50394
15751
109670
48594
11998
7862
99839
61012
9563
41203
16909
84878
18130
513
72715
18506
236041
61813
3301
65942
28476
53101
74514
15422
110342
124813
122160
100096
53931
2419
71413
110875
112340
89084
19405
18352
12379
12850
125487
41525
69700
13589
123773
395191
122952
22394
1328969
17205
96768
3169
37155
611
953
79718
4554
132569
27970
5059
52447
90570
11431
60145
5857
160353
5873
4949
5251
84356
54704
60824
91911
g3936
16987
92500
109388
21110
1709
20544
125997
70900
20623
52314
13684
38674
32166
5247
18100
89978
31176
11066
1365
30050
198808
80857
15277
4235
102525
81617
65185
169335
154889
120360
5777
11531
47948
20604
114039
125283
348
60215
14603
20968
69223
8285
10049
70543
71280
71556
8205
42196
100726
44117
37707
134347
71779
52660
125730
87947
85903
94160
11501
41993
31236
01070
129148
11979
75383
2887
41707
6199
110902
116695
21796
12321
581
56271
12378
82185
102054
71317
72792
161414
127442
33763
44058
40414
3
101627
6946
3360
122634
65272
45446
13222
40409
621
921453
80495
113931
23830
44346
7772
25285
4119

107456
10213
129620
42254
75204
101687
93069
25023
11109
49024
39652
106656
96032
73200
15834
109061
36753
62797
22312
8735
10675
50323
4494
24175
68262
7705
143647
20046
417223
66728
33254
181541
120131
38695
038063
11300
122898
101551
31758
123090
90719
195713
17224
21209
123240
6765
17122
1212084
22963
43351
38657
91108
33224
80755
20179
14510
2918
41182
5799
90367
99381
62506
61274
40951
14526
09567
15993
14257
14765
716349
5881
4629
102299
11619
113
994
20805
84514
59140
103300
39905
22043
5191
42148
75260
2221
3320
1037441
8279
41850
34877
72193
5820
3711
101882
1922
3307
804
13531
1176
122247
103820
6944
127731
149496
4251
123411
46125
82860
5095
17340
119791
80028
8303
71179
113295
84486
55099
40211
17907
3852
9576
6699
15178
104926
129334
115102
12128
62985
172017
40062
99608
3493
9172
33067
2088
90452
62060
63335
98299
51653
698
10877
94415
57985
87510
36211
262
23056
6416
56196
14777
7394
82638
21913
79676
619119
5247
29172
35807
62863
122468
52003
42356
12651
16319
4386
8122
40563
22040
04828
8990
54794
88924
322703
8947
4285
14156
8229
19416
4846
10908
3214
15384
31009
191990
2091
90834
5770
50545
70556
103047
10003
57727
92933
8544
16469
121213
60623
26921
61075
20207
5517
48045
90209
412492
7224
39442
1000663
51806
2449
40484
13709
98790
10349
133317
1060
152004
62359
50471
6227
14225
6881
31254
10167
3207
15214
8305
122150
20175
10225
111
28869
4306
12205
137154
79094
48124
500570
48518
72081
50167
146585
132979
29289
114904
164880
116708
30315
112398
408591
34511
37309
4324
104760
16787
106699
35949
50308
110284
42173
33901
60017
116452
19691
4111
20914
82884
96445
133465
107026
513
693698
021918
140467
124354
6244
20676
54566
39748
155465
4230
4572
59000
83601
66862
322
33292
40796
88793
70866
194752
g821
174260
192965
22469
8119
104267
14452
11014
19660
118715
14256
8954
69057
130115
45105
116653
196286
2532
21909
81488
61196
127720
2470
20960
914766
103121
133606
7158
22156
17136
13065
113409
170396
52222
9925
7
72490
30585
83911
40143
111276
13978
16214
50866
308259
2806
32519
121130
7779
32352
39218
5685
5296
5129
90508
51079
106496
29873
16874
46363
128062
197630
114879
18100
120653
32625
81089
28754
128037
94276
32192
55355
2820
46311
12816
2279
5407
48086
147056
172766
0165
111980
31357
37057
22260
81867
127774
40158
1041
29345
8697
50925
2710
5231
1000783
97670
80086
82060
12770
146492
2074
18636
50723
709574
134106
198677
4073
423326
102553
10873
065
12334
57092
8977
67101
108156
20599
1246
89791
30345
12850
108934
73056
5507
58975
94931
121756
52616
102968
46186
1159
547
10165
1110
510674
119908
816188
45092
3286
4158
88367
91467
52154
39004
153841
5277
19281
20656
72048
50103
014878
113647
130564
100891
10106
L4144
28171
1919
40660
103670
21226
23252
11034
92917
122340
10536
12928
10253
93531
50120
121477
296579
135403
150673
191411
84310
19079
190615
60309
114999
62988
2446
62960
25320
5743
15552
115604
100375
1216
2479
81421
22342
16062
133734
1302
30033
93643
3222
70129
615
127082
71689
141561
163821
8114
52203
5077
1108256
70593
706110
19549

73925
61791
24048
91431
41939
41197
82251
5420
131095
126797
9879
12827
42258
1017960
25275
59369
1217
25013
748
102799
11399
49011
40167
6366
123004
110671
15010
10078
20373
61717
79870
25665
65451
10205
4876
4822
7226
55313
2556
19246
212543
160659
91984
83226
42936
5980
110529
25579
232
10820
100481
38424
7421
68841
112744
56300
51175
452
157386
111123
128282
64476
6840
19881
49819
40439
5585
59210
63901
50572
40948
11404
71994
105377
2855
81210
116766
67454
22696
4778
4100
120727
76884
151269
2154
41711
4455
35990
74826
53301
116035
102479
126076
7829
011395
87869
193441
61899
20223
110496
11014
98591
21253
57655
46369
31180
95551
76971
1134384
38583
100926
13
G407
10326
112389
551
72231
60265
109653
68995
80468
93257
7558
6311
137842
04617
20085
99387
117254
3183
17673
42272
4476
22404
121925
7407
41551
181440
12675
12613
5234
203710
9256
89213
81970
8493
112246
1480
114043
22516
9520
3356
31200
29897
116072
123050
136291
10256
22501
71127
102742
50108
48010
11984
80070
59912
12719
4253
92508
6305
31022
67530
125650
52346
33655
72574
23484
103345
7458
20990
41965
110200
40040
5067
120851
41082
112935
5870
2758
8173
129864
118200
20784
7536
82396
5458
101749
4619
24306
192348
07188
21163
6099
7182
60131
172703
19029
43162
9397
01361
128463
161500
90196
97151
86895
5482
2216
10219
62110
162990
9577
6366
4760
92156
3517
129068
15290
16709
71881
123285
84207
3635
112107
1101817
01016
352
99615
190379
92172
117061
21476
86787
5577
72444
77141
50255
13174
52331
55105
99369
60069
82119
149134
19694
115479
78915
151264
20587
55681
17401
29813
50983
173018
6387
105848
123172
7269
27975
23006
13421
21175
28543
11272
7572
181090
1016400
3448
62417
18195
60180
67252
16623
20288
190160
129042
58089
7273
129660
195496
2877
738
12254
42111
29656
72069
71919
14969
40047
34016
105642
63347
115691
1114
71678
46223
927
6052
4149
30713
89966
62250
118356
22133
31015
104876
40262
17412
5242
71936
14999
59355
4321
95971
5269
58945
71099
22345
5534
07316
606
95490
8588
111850
78831
11240
146541
182296
83623
44178
64158
20011
176960
22289
3538
19633
40523
192166
8841
223711
7949
54247
12742
31291
7914
57224
26569
84909
3598
78296
13837
63729
7434
122448
11208
32205
6193
115566
142775
01210
43385
232571
103287
162533
10455
122323
12698
6015
42708
41556
29109
76037
Y4001
3952
90066
124455
132797
22775
44055
c0251
69894
15256
22184
32556
101496
824913
4210

95480
5
3231
92090
3310
3424
12160
51876
152223
7508
88
62691
8416
67640
36847
31583
f122
42825
18154
31371
1147608
42062
4102
377013
9144
34340
625
28328
61174
220675

49910
18834
28198
149673
114190
80641
42904
112757
94299
5119
23925
121965
11109
9081
36016
188684
133970
42291
123366
68319
98310
124211
709407
2168
80595
78277
111608
4259
10572
143179
117173
601703
80889
41458
1868
17822
82266
4097
10367
110112
90164
6475
21158
32579
93097
87887
109491
3100
3269
8782
19995
61131
5460
14932
34148
132414
21785
82642
80972
41568
80935
56048
5120
508
203644
80048
7702
35105
59510
89599
33506
13172
9571
61089
61046
76053
22411
110009
60144
91125
123207
1216994
39009
50476
42363
22074
2280
122312
42500
2636
123171
30289
109490
194668
40629
194660
122549
15206
121662
162277
96184
139671
120399
3285
6022
8063
96378
110089
83068
118485
3641
15897
101389
42179
1093
78150
121996
3006
2375
65266
123707
105953
16604
15669
9461
103057
96009
34660
7699
111812
70323
89501
2545
41890
49974
22
101259
13199
20570
19727
151500
15151
5442
11086
90271
68492
85190
93058
2285
11473
121546
244
28656
101237
95045
116251
02130
126896
102445
51197
23083
98154
7365
144126
60563
859
72049
9171
141656
62879
49730
85636
194300
1215027
101753
184304
21337
8975
22776
41213
4272
52231
99919
24805
9183
19768
40730
4291
4027
32172
7504
55447
61890
62431
59716
62525
99664
2695
30460
41669
99668
133660
61991
57149
112283
92026
8190
11993
131945
22065
7159
22208
83668
49113
112862
196235
12962
25481
62443
112594
32229
8318
136605
51239
90635
30599
43295
4041
25085
11816
10583
22577
118567
192800
5373
2085
190326
8015
11008
82564
9108
4214
3222
3449
20054
1529
5316
3239
58017
188439
012440
31273
3404
96968
9845Z
28230
26174
17407
76025
71992
110277
71123
7419
006
31596
14912
29281
48158
38824
36755
17261
43143
19677
6119
16187
55302
30481
10118
91508
5789
102823
43976
95513
30158
40002
109999
47391
91099
75504
14822
120871
171002
36829
41756
64356

123825
46970
32601
42834
7880
51295
1977606
59587
8477
120202
1102373
60147
2197
30154
38946
120128
176085
171419
24431
46374
22405
6320
92734
8109
2691
13306
15639
70660
80198
60783
7188
93874
20717
18109
40119
178017
60353
4113
145234
91772
8755
58006
12694
41871
29329
185255
70771
28878
12222
531
17710
44512
9690
11626
9813
71718
92707
70780
42643
11930
5892
30801
18201
55947
8916
96775
42695
40489
24294
18187
14956
54999
102386
52176
1905605
29266
23156
29811
5528
82309
50151
29687
53861
17906
6836
19459
31333
11965
99553
2262
80429
74333
311
24057
44814
24557
6266
19268
90479
19151
10132
110464
3658
52742
126932
7197
9063
3817
41050
70222
6519
68269
10325
50346
75115
5802
2628
4706
20072
10751
3595
6778
31409
193317
59393
6508
40469
12945
163407
101570
13491
5663
121919
11710
6670
110102
7605
101368
61543
1257
30908
70362
21231
3569
96455
82114
81047
76206
12208
3046
61690
31464
11161
89447
199086
28807
4519
20434
12741
122155
203662
100546
71036
14425
72766
40268
70141
9233
3886
36267
4471
190319
5891
5554
43442
212569
22294
S9669
121808
111408
49640
64979
3831
3263
17640
121807
22220
15711
215311
61538
13956
21291
4289
193350
70273
189410
111089
41586
94642
3551
51954
40375
206272
4772
37230
2765
;8758
36178
81564
191301
151696
705

3678
110108
30321
23307
20120
78098
80979
28159
100742
1016160
137407
4285
0690
1223
1257
205051
2516
83061
68002
19921
4705
70224
61888
904673
70374
440
81078
182973
9475
59467
90011
72584
10461
38839
45557
3406
128594
5939
29772
7695
14978
11785
50367
12491
25237
4874
63611
8087
323
127526
2259
319
3860
34762
54263
3285
3762
113050
68514
83884
6003
9619
13475
12111
114160
115270
6428
101334
1025962
16763
93356
30085
95879
22280
134725
65544
1103989
22160
150336
2050
5107
21384
07211
29004
121940
69859
97607
252
651
111194
124248
110399
3192
709221
12185
81139
110919
72155
59312
5610
18701
22262
3553
31834
80542
4655
40316
60075
121601
66657
103707
534
26727
40441
54101
19699
31237
69909
128938
20858
23048
46239
86110
6173
81105
78384
124065
1215633
98409
100771
32357
81553
112974
111650
3171
95660
83171
86662
131043
62346
4043
7333
97985
49249
52851
18266
9724
9254
18403
16283
140675
23551
70669
34375
93686
2301
118959
2428
60686
116606
106250
6851
42113
123654
102726
30910
6560
10618
40952
5078
5672
17806
32279
51953
32194
4881
110309
62138
38791
12278
73641
111381
125960
129425
121033
176882
121159
8031
38453
44686
28084
30729
123972
10313
576623
5737
10991
107142
78208
4189
100631
7006
173869
1014
47313
1214862
79934
45894
30824
4219
42833
191827
29784
2150
20179
12966
9302
59416
52195
6234
89206
5659
2785
24145
4373
127554
172046
122381
37108
99884
23304
91931
91177
5781
152104
121494
137263
60768
4368
412
52669
50640
9964
131
2084
99818
11337
96110
95045
7301
5486
459
22573
62104
128606
40314
91348
190171
22621
212830
184247
81707
121581
119996
4283
82948
128692
80136
32132
64546
17302
72430
711045
43713
23823
82457
42588
186796
115597
8418
12464
121028
20310
91817
1139701
6988
10
1025
212645
83155
145771
415466
12603
114775
128323
52589
4323
5257
42562
78910
1087
3266
24047
31256
106504
23100
3519
41958
119927
93076
4194
132288
110007
42085
126544
189432
6365
142447
3617
133917
6715
627756
41897
4037
7524
22492
15561
11336
15892
900003
12223
501770
60229
21380
1115500
4012
34178
90509
2565
12787
117059
8881
44596
012045
21226
81539
4180
76283
39895
8299
9199
24563
6145
2291
18480
76611
15349
8194
51755
20956
3232
5103
9458
81408
120842
74672
106551
11451
641
188216
10615
102603
50909
121174
2906
131632
196501
12167
2515
11804
71366
42951
12504
62592
56203
62176
82380
111294
80267
19205
14916
72310
7646
20180
160975
12167
298359
7344
19061
80503
121251
21339
20230
21083
195
25110
6924
80490
102651
69132
1951
3870
80954
17858
14019
70077
6206
56780
80733
112779
4441
147127
67222
55868
112558
72423
18476
130142
30475
84820
191181
4594
94044
63690
196341
1342785
74536
46043
16099
62231
44089
83633
30014
172701
77446
125966
96232
8198
23070
61107
152899
86774
121866
48790
G13612
13051
92471
30419
8702
121584
46230
9116
19924
91295
4359
4380
101427
99286
180202
115855
43006
110171
4200
82349
11976
10257
131913
20430
16922
58209
60390
122596
195704
163313
6812
120689
127929
5437
29115
12555
68242
9509
19926
37150
90111
29370
55200
s1568
114636
10978
19876
11300
31609
87941
4596
5462
30993
1609
3171
72004
69519
92693
19889
14329
4798
42991
62704
85145
100473
23956
110194
3350
31731
10765
8521
43407
121690
23445
10121
10149
100635
52751
5931
26320
122276
239890
9377
78500
4518
76576
101129
31463
48450
64333
91549
12861
2772
6818
38418
213727
83971
8417
4105
110101
12197
80195
115021
44994
20907
109149
11110
9265
4946
77053
68347
125389
81376
3604
25050
16205
50135
72755
11936
302191
122875
167369
91333
7097
59127
122
2834
31575
1108467
136646
3955
42993
5981
123084
5167
2420
72233
115566
3350
5183
96342
18562
62743
3673
22230
120195
2211
4329
45170
51753
65810
13481
4284
101814
2051
2766
35254
20
834
12251
5741
20580
6025
167192
91923
51028
16346
69102
108834
37258
5597
3451
102347
58017
128226
156185
42853
190990
195929
20005
49758
7848
1025
117452
21827
158487
72390
29219
19275
4493
8370
2558
26369
257
99206
11757
7402
173199
2117
13886
71585
8746
101648
6689
103966
28279
12137
112339
1201271
42467
15506
61099
5832
71366
71653
8206
118166
129860
158
4047
82052
17195
69389
12188
57575
19808
14038
7323
989
198885
66714
22426
90913
20160
70587
3012
29201
149416
5046
23298
1110
8210
8967
749104
80326
4031
124366
52861
36212
96367
88283
301007
74388
5102
48244
72144
19263
73455
36185
4605
3383
136633
69602
23069
71985
20123
22842
54562
38873
4258
123645
16232
2470
300449
5364
111368
96555
42565
48875
122153
32671
46126
9200
120383
46845
89353
128949
61168
52575
13139
8523
1744
10567
41150
42036
10203
6978
17398
1433
91620
81876
32709
531
3308
87417
58068
41976
68364
102019
59541
188289
143854
11585
71062
22378
101609
72590
101498
4212
4476
187632
4711
64272
1206687
48543
121694
123276
7356
19120
33111
24127
31271
56257
7905
126147
60206
24455
40169
5409
21212
56740
34905
20396
133299
80576
122062
1485
128594
q9111
52300
19150
32994
83576
82981
10273
92554
8423
22856
1232
4549
29647
6974
46163
5
24362
75600
4134
442
10848
36302
112283
122002
22752
25966
14003
3076
11017
120322
9013
3117
22319
65276
2715
20342
1222110
20073
108653
3181
80810
20390
79015
32201
99076
19998
192552
7355
100
17922
114705
68067
75976
4379
2249
78818
40818
90415
122739
182299
22594
2215
20587
45066
76904
72159
31999
51900
19815
65165
9022
151211
57447
12125
84408
3603
2287
18779
21377
40166
180506
167462
7511
58869
94528
8311
17702
80420
113702
54220
3145
110511
12407
190379
17236
30590
1936
43754
73503
90728
108803
35221
122014
118134
28730
61793
31871
111542
9117
32066
88466
3914
100589
123416
20679
114684
2508
4887
7148
143206
51760
8629
6379
18566
161455
31103
7330
1666
24061
15367
15614
86208
42884
13159
123673
96116
119569
198667
9895
70288
32094
40991
86121
20842
4628
25144
92180
87523
76416
31164
U0519
102156
32263
67343
13105
5515
100387
7273
90474
122295
28153
4895
40292
74973
73001
82306
12241
595071
49098
92331
12124
69174
62336
88325
51849
196697
161463
66106
90523
86608
63261
7514
26390
28755
15196
11297
104661
98861
1074224
1708
15694
12225
4710
59766
5187
32099
2472
18755
7620
118899
95283
12135
102333
19703
90269
1553
6438
510
114769
43756
62045
59053
23757
4300
2504
18
111974
109713
88851
80368
4538
9182
81264
82020
111280
10202
7235
0541
14389
52582
31014
37763
83451
32319
3068
92281
62165
99694
110375
7501
60229
109576
128065
120753
20051
42942
26338
142054
14972
29594
121979
19499
91752
111478
7297
59171
78048
16940
229416
807
6283
3742
3819
3113
92314
12234
30372
25
97273
14541
42130
24131
192615
11412
96853
83119
63540
150488
262004
20087
41792
5274
48481
99484
42571
70432
8451
101194
122436
112258
44546
1231568
110627
17496
10031
123084
110
33996
103243
70679
21576
42366
3799
81117
90778
91599
48144
95648
49700
2273
81282
26643
115032
6015
73083
24021
20590
02511
83961
32389
120514
4138
5501
3988
12
4275
94299
17200
117367
122
20723
56621
11922
90940
26899
20256
29875
7292
148585
22320
103019
40902
107034
29083
110120
19203
2858
6537
000974
196529
6819
112289
47563
2252
88891
496
199397
109747
31040
5708
86834
18690
163139
2687
203064
21365
91996
30512
11984
140809
2556
16196
110122
35329
484
155055
208090
121049
1019
27494
11235
9457
33569
122148
74649
63958
15248
111938
22285
102183
3403
147270
61676
141004
21125
110395
42
f852
41240
1154
1126
60671
22647
124160
1505
79612
3603
82377
6996
244411
115554
222624
122866
2031
1177412
14649
109852
79681
3378
148262
6487
9184
49786
6211
221087
59354
82460
108478
37617
107027
45232
11638
72217
72060
64112
6119
14139
104982
322323
101564
6581
10256
3051
5719
12695
9127
4564
63522
P8762
18312
14222
162423
116650
67396
116947
73099
22264
62575
23579
15873
9686
120934
30278
50429
5599
99819
60421
63016
2353
3023
98049
1101
45258
2544
41183
51712
15114
6138
60772
91912
349
9666
49079
11158
8021
11378
96183
19138
148971
8980
20716
3524
122663
87301
41461
9483
4334
45662
30644
21029
16171
38455
123420
28363
5686
50967
6502
90668
11907
5824
120931
91468
32739
117068
6708
11113
11996
62199
41156
8410
74240
26159
6941
822480
40835
8677
128898
52096
12645
77871
61374
92265
143565
96039
60600
114584
51853
32150
8625
102065
W522
104096
2461
6374
29979
6508
12894
127838
663
62047
11814
8850
62131
112900
11270
~2598
40451
82576
481
2300
48042
59884
121633
10668
4157
11197
32339
133117
60036
9689
45800
31701
26137
15622
41245
142874
150212
12274
14855
60098
21004
6944
20762
5885
11673
111649
04109
78579
102190
8606
12264
20603
129090
95154
225175
41773
109969
8017
168336
4470
31141
32333
4231
28633
15642
1115944
61048
80285
196661
21216
40073
65012
13167
1219
49236
27853
104233
81127
4406
70010
=1897
118826
32459
16119
39129
61140
41617
45224
100883
20900
15756
56846
22288
103236
113491
53789
14939
9057
77082
29443
13690
35812
72901
26203
134051
30292
57541
153669
51171
1015732
27994
130700
4554
78367
B00726
98823
111589
39068
7727
61262
90253
5674
37849
44483
79054
161483
31508
5580
26583
94597
119234
112032
69846
12930
23252
148467
70303
3515
1785
2916
19592
13635
39134
114704
5432
22595
44569
7594
7251
32998
2617
 2174
72261
61915
12600
85249
5240
79063
101903
88652
113734
85166
31082
130917
9564
91230
12702
73455
49966
11744
39796
4231
171614
71804
2863
1411
66887
8616
75630
70288
26910
179808
143470
526638
16271
91540
51076
102434
203602
17164
104615
41684
36057
11227
12443
56001
132149
124499
128960
40152
18170
120163
706036
3913
20204
18389
15303
Y1794
7060
80176
14573
19303
79012
87654
3039
27067
4169
51420
101537
82733
14545
52089
72958
131483
73654
108716
41423
98648
122878
13991
98961
47018
11692
5803
16104
40196
180659
52971
4079
68516
42235
@1783
43051
70977
42653
71455
142963
153766
3774
81980
105116
61812
135728
8310
22178
41471
2378
56199
5292
49193
207580
20247
101580
6592
52690
160540
22354
72961
5290
5267
128976
13646
9240
19083
9487
101122
21179
292106
41172
4453
17829
15696
53044
72320
81034
d0745
25352
42564
75323
88823
2924
22297
930
9743
31023
302
160802
76064
28956
5683
120062
80137
7210
1022097
71179
12471
2333
41415
19861
62272
22037
6260
1607
1875
133409
27306
1712
15271
14700
121849
96967
2535
41615
81003
8786
12942
31670
94892
20167
15390
81570
72145
199565
13625
40975
12378
100057
50678
5184
46868
112196
94750
J1095
13660
10173
1998613
22618
182356
41269
19789
35311
5216
112906
16610
6542
39135
140703
1901
11889
111664
25455
28155
8759
99861
20145P
116287
69308
8632
7295
8363
88412
225903
112050
135047
27796
81367
19192
91329
3254
1286367
17710
9107
25060
19988
3866
115975
4278
92610
22219
72523
108798
159947
70717
7461
61089
195121
21375
124500
137029
197944
54312
10644
112605
112970
9596
89317
56260
19851
121666
8197
24263
63781
34645
12235
55723
52305
n272
12461
7253
21595
19066
12639
1735
73383
29619
3427
21701
122567
103046
28879
4502
3138
6929
7900
42295
11156
96128
74327
62113
133681
121766
28288
3963
81111
32046
19140
61111
12844
76661
122015
192230
27295
6203
191126
22220
41070
122255
45077
20102
89218
93764
3914
41461
7568
14020
183
117417
52787
50113
62877
126990
11450
191699
156946
4250
73877
16829
8733
123994
188884
114756
32094
119980
3772
191073
119319
84515
141143
58287
63679
8928
12159
16221
6293
144032
72132
95873
1112166
1279
17777
2360
296887
10443
32366
21244
13117
90867
87498
20221
19239
40570
202267
156377
100160
57388
91452
91695
61701
45154
2239
6187
30486
63452
6985
170685
101057
474
122010
7413
121935
20900
42007
10454
21063
3994
80866
21519
400
81384
8981
91664
89473
9
102774
94365
32201
102155
12819
120772
32332
16600
10
194357
90272
55639
177345
177574
22030
4702
121646
5945
22543
5612
503457
167206
1020237
40602
103443
50096
7086
3789
10010
19189
38854
72969
111338
54412
101070
&87422
89191
71457
12791
8186
66097
5107
4043
5194
17569
21676
17533
20084
41184
930772
11212
48359
b1757
147759
121272
91458
127480
720
93316
14039
4196
90013
6045
112145
41
7969
19965
48701
22522
75146
15603
114033
205704
8698
1207
46665
170092
133262
52153
26734
45523
29509
18366
61878
15576
1545
6125
12146
2781
111204
3472
91887
63177
113193
8786
6610
32828
11835
26208
12045
111212
10467
84610
843
90022
112557
61811
22804
80723
17991
11426
63876
102596
13115
18088
J27789
131222
61276
71237
12814
16247
115530
4219
8299
29809
6590
8114
58680
66931
149404
21838
61620
7826
43028
63667
7472
911
6588
191670
199739
9022
119593
57953
20135
3631
110743
504771
83168
192242
63240
60563
99744
37100
36384
31468
3860
2545
52457
11657
152561
615
4660
104210
4312
126565
22233
72332
802747
123319
3177
109260
180679
50403
4797
6259
1152
87505
8764
23095
6244
1530
8271
29196
119950
131104
5447
8267
15391
106544
198672
71988
1128681
3104
61101
29788
6513
158753
100477
7297
15753
1217
12847
191976
39955
35852
121003
24637
3404
87075
8123
17012
21092
30474
576
50339
9308
94626
7009
122101
83846
12354
69229
28669
85181
15828
991862
21195
51463
40970
03279
33169
118295
68879
5226
1504
76636
104
111523
02336
102291
1001060
41317
3115
55699
886200
39234
3283
12486
7819
126013
03690
8007
7729
90152
23791
77928
2224
50441
174511
119133
307100
97193
71125
3877
128093
16313
34349
53851
82130
12240
60619
11930
10416
3458
52207
49943
43766
11321
8253
4199
218076
189889
6775
81306
3340
191
5338
5171
12905
6611
120796
1201
7226
101100
81429
132545
19261
10024
91996
78295
103939
82311
330373
8787
40134
32274
109672
42080
114950
71750
21999
91770
59252
41685
81844
62554
51554
22385
66743
38565
19966
47310
63390
12401
7613
9166
53198
39815
112657
14653
116062
120786
18911
49680
80203
188900
106891
148833
4314
247611
96241
30407
191079
47039
4021
22931
3243
51654
61632
53452
194175
45048
39144
801556
^2102
107554
11288
71157
60547
1099
30681
92847
32231
12507
94691
70908
110913
7743
78706
32832
9859
1293791
2244
112326
10506
68004
70951
98426
9531
20348
93310
92911
142372
183931
4281
51642
4801
50623
3874
9959
48962
5091
20597
22251
81048
192452
51539
8091
16209
61053
11132
23113
60123
1448
192140
71728
44916
12957
23014
733867
151449
>0915
112079
73061
648
282
16839
16566
190612
53264
15460
3711
110175
197847
9305
36606
6747
123079
54754
41566
12291
81968
20360
54820
125095
109776
121254
3562
110255
117067
82554
101489
21371
136480
117400
19695
71896
6125
36125
5545
61810
4842
2959
4484
6110
20276
51198
42155
78897
72604
90668
40550
36187
40070
1115
19011
86140
500
2085
117051
182743
4423
90001
105533
4403
46238
6309
120234
81659
09110
41840
101074
8055
52374
1288036
109157
12437
55592
22950
181740
13689
81866
12976
124769
47419
94737
127170
745
7100
71110
51086
5814
31936
7934
67411
30086
81337
5629
223986
197596
2827
16364
100153
89289
60079
81078
26501
128402
23600
32027
80918
106281
22523
118708
108913
6578
14874
13255
3524
17100
22974
12749
109033
128601
9511
19621
23056
21693
4264
109343
1267
4624
122485
13909
171108
6072
102220
19276
12992
2325
12114
3229
8973
89098
67120
141157
32930
79706
71097
7762
5202
62559
194292
112445
22464
88805
117109
29494
54131
771
27655
4832
128444
61013
13556
2597
12435
100616
135462
210590
131153
12990
8988
21094
9437
2357
7386
30747
15867
1919
12375
58040
68115
00003
124159
50146
15937
71715
98938
35140
26464
193558
126696
89918
3621
3050
21441
10161
9568
5957
6371
12130
31881
39099
143149
12348
10180
3453
60893
48072
7613
5023
61760
11818
17856
5261
192008
128096
78235
6756
50948
5776
56101
4098
52325
80762
47545
52005
110644
71590
10106

1519240
102870
124833
119038
15718
403
31032
416
66058
51184
6499
20797
17902
61146
12377
24903
32215
10234
40799
51684
3159
50084
51153
20255
79001
107111
11214
38888
1207001
12422
53536
182715
4249
22116
20637
18171
58859
64111
14285
77452
82395
11245
417
21264
07079
13110
58097
40505
60893
13517
3311
18784
86378
171551
35824
62184
9567
12278
33664
125160
11267
5704
222361
65322
11259
28045
10286
111378
121
1231
3599
189731
28754
183146
121902
829563
4293
1030235
15069
3111
1012
22793
4123
50898
170837
91402
52847
12583
2253
183658
8108
31022
54987
106267
90200
81302
50769
57857
141231
35562
25899
58469
21929
2906
4069
80408
12789
40899
59797
50473
161368
91404
32811
47090
23680
198066
4761
30527
3150
130906
101970
7416
16074
12999
9497
121631
620198
112195
70965
107966
111715
19094
30938
112964
97667
8226
4455
96803
62595
13567
181642
106016
118560
131503
37616
4212
134460
1008726
83504
33127
30760
3088
95063
61179
20474
131135
120899
125270
10096
15103
10357
161193
814203
55951
5690
10521
108577
2220
22240
03475
10844
10577
8032
6462
52322
105251
82942
03427
5232
69119
26659
68801
21360
7062
42301
4819
70270
127432
90286
69269
90996
122588
58262
4589
91662
193211
51467
42469
111180
30407
62519
8329
91106
10159
1099
3510
90446
2894
63371
6067
96379
20297
41231
3555
127011
31092
19103
1297
85078
52897
100174
42185
3624
1426
104348
108069
99687
125813
112361
41119
17569
11078
4253
107341
85950
33365
40861
10621
119561
62936
72131
34561
60416
5165
8175
152777
100162
28757
210702
113960
/6154
12604
32861
200314
225362
14501
44641
22902
12686
2219
72166
30530
4456
193555
30334
101996
42454
5156
6330
80110
21036
6876
12227
44121
57881
130090
5100
392733
21242
32213
19814
12824
114311
92524
184371
07515
30313
21050
14135
18450
102743
137095
3581
52708
576
1272913
59729
1005000
3382
72594
15879
122163
817766
4814
17321
29268
141956

9948
11016
151974
600574
73734
20579
35751
89800
126682
64764
125368
70307
5540
99853
32343
53256
193712
62749
192109
96970
29118
12231
6461
42273
114063
62811
>0303
40980
40678
32207
5466
9645
52946
51983
92201
55356
5909
101581
99547
8783
22920
104
25530
101492
4884
10013
122115
138566
3072
83800
86714
7952
:9506
123798
8414
81464
60752
1541
8290
122186
85905
28463
12507
22989
8134
79147
217300
120097
10856
78362
42676
98889
87966
123354
6949
7009
92156
110780
106226
424662
36231
90824
6685
65592
60880
3525
112207
28716
43666
4633
3454
69722
180343
5434
11897
91936
190309
802737
11253
128002
4130
99113
74166
122001
98746
143328
11727
120002
61226
13408
1200912
2128
6373
3172
82578
93442
81218
71047
138084
61578
20458
53486
5512
17871
6196
114791
112970
2598
10590
8196
128929
142294
75031
100681
17758
120043
26045
15235
162475
6939
123334
18826
61863
25681
17210
11633
110301
44088
19258
8116
4718
91535
92229
6483
22095
20197
51121
92623
7270
122203
39443
8155
42060
81281
95876
145993
61036
109563
190000
2201
117111
19000
2130
10250
11120
14822
60875
81136
15090
3802
10037
9100
2674
35991
32030
40700
125573
100960
5286
28356
19190
89319
106219
40076
4570
13160
9158
62080
8899
121471
48714
4262
190091
92170
12885
41540

125031
40624
1577
134699
22086
4753
82814
127706
40525
77830
47977
80370
17284
99639
7206
49744
10434
28618
140723
1110699
41887
6997
50839
9340
11134
1627
8430
112484
172222
28171
22265
55601
123658
148264
12007
81602
24929
132777
4089
195026
110487
73059
89246
5008
583
6934
32963
62982
10399
2208
90140
51909
40139
134423
2267
38944
8716
64105
112857
13057
22185
152687
134326
101060
115563
11260
14666
30869
102510
198188
4278
1275
86029
6691
176660
110369
121380
44750
31237
94102
198241
808112
93774
6564
221274
25058
84657
21030
101716
42830
163680
16377
12068
73396
32305
4551
8906
25205
22007
93245
61176
50273
95870
140673
115333
8143
12591
18434
17875
92353
67016
23171
10951
121694
42109
11323
5538
1018
9016
191547
100215
179074
54297
86995
7901
53182
782
12665
60600
39082
83392
80097
13078
4871
123044
8356
99059
86102
58975
131579
49152
71022

5101
123001
11274
20043
180300
186287
869109
41340
68488
159892
4286
5835
190788
47996
72000
15105
21073
112196
29093
143148
11214
52315
82890
34743
41051
80547
117074
112576
62133
46217
87
08276

30062
73246
5133
9439
121
99377
19185
9350
185551
1056751
9479
106442
5200
72296
9077
819035
21034
01039
9451
129878
50021
29235
42012
19691
62809
6111
3179
9160
177103
90161
98111
39920
72503
76452
1410
52029
26225
4062
71620
55137
112071
71572
6316
116167
16441
21210
117998
56026
122060
110400
191852
86662
29242
19611
22800
16408
4694
121673
14005
2867
70661
114500
86924
102357
14896
109544
301744
117989
45108
05891
10706
65908
5016
123014
2728
22869
30238
101926
9556
2359
8664
17459
92950
42106
6460
128273
3294
6181
28600
11892
137700
12582
233190
55259
60677
5290
17089
502159
82196
26845
31242
50246
1153
62200
31190
103286
15567
3947
3767
91950
110637
49007
1080
25136
51159
80673
98175
9420
106969
6411
60857
50617
110468
2106
102196
172159
7647
4496
227331
921174
20606
41445
152039
493
6008
8970
191965
52771
103064
11296
73247
13534
7201
146969
21353
23233
4316
31382
25634
11108
40769
10252
40464
38197
62207
926
92348
10311
139905
105470
172059
12075
4356
101643
181203
10484
41100
69181
71861
3814
16205
78251
64360
76729
32885
101464
172137
1612
819625
4136
422765
40145
92886
87017
2667
6124
31146
81673
66288
4146
1635
168364
8872
23064
4984
5959
2044
300052
120540
5871
421
11985
120275
192251
616
618
112010
124152
74176
16162
6775
32579
173176
120679
111589
66774
1223655
146109
92052
151957
15226
18692
10187
111179
51051
118886
203294
40693
117149
14981
1144743
31662
4205
12906
8629
3975
2844
26408
6949
24590
89471
19912
89589
10273
162150
10152
76079
30609
14010
2924
112412
19138
42190
21964
6230
154269
12826
143053
38175
20014
51681
122014
7713
15112
72401
42221
3342
6592
4198
3147
3413
123520
95072
20177
22862
5513
115218
15780
107086
127680
9119
101073
619711
6999
81199
63760
92797
105199
11984
171603
133543
110276
4079
62933
120421
6251
33121
72606
111702
16623
18696
41625
21033
22620
3992
195637
108565
130377
52180
142033
12440
2392
18283
9506
4351
113177
72089
80540
709592
91832
3207
12205
121771
52177
12560
12199
99460
14895
162000
22196
102145
78406
8789
84555
510
36300
11872
75605
10021
50522
70965
15995
199401
76355
118755
9825
4551
183112
9478
41145
125910
91287
70406
101163
136744
21771
16712
2559
8500
61546
29371
81016
14240
107778
5401
4758
19941
6664
6397
69838
147355
557158
19762
8601
56416
82696
14404
149084
4548
26238
8407
62075
86292
101774
11485
188195
4137
6777
45136
22852
6548
4272
570
95370
4164
3443
7049
7149
122119
39870
25921
31155
114971
117691
4923
42231
25229
192970
55003
140430
62943
36576
4316
36758
6888
32113
60199
61970
92852
197157
30798
49765
191840
12065
129183
80362
240938
6222
52251
139512
169130
23367
30195
55523
2567
36913
102835
13230
71001
120473
40285
91317
140789
70069
86936
19739
122435
12717
10157
51994
62904
37272
4420
225
81983
122804
608890
20610
05080
7808
31696
164610
91010
87056
48586
62696
81757
122508
439418
5531
127256
42146
82584
61120
108708
102611
9554
19305
24127
4413
99266
7899
19545
9614
2064
32286
5873
171955
113198
12729
11940
62156
2991
9822
81850
11949
1038
100030
24181
102024
5860
127275
100658
105474
42855
47076
535
121063
80967
42314
7926
24155
112925
102700
4449
31569
60499
89824
18211
161319
-430
94666
42933
8132
69
51172
217861
192204
9305
99745
86690
101737
89676
22022
16468
11694
8405
76505
12346
19216
20281
53607
10106
77965
114537
1995
94582
4019
97754
4397
4636
619
45755
55
67307
207113
6666
73499
121013
51524
43594
109375
40194
22588
17434
20154
12640
112395
10684
43259
62824
88312
191002
1722584
11479
9244
42458
7056
82774
5577
192322
82145
15340
22250
41034
21990
119697
7382
20609
16754
120869
11078
7845
191613
24211
23469
119263
46204
120088
152612
20577
270
118785
60962
100650
23886
145238
42296
7670
21594
136
24429
10266
7651
195352
92387
596644
115517
34
102919
92465
574249
10525
71163
35050
12900
116599
33862
99832
31068
216972
56775
82118
18712
22485
27237
12020
30409
20666
21199
12599
81733
124142
120258
12710
2129
14911
20650
22214
35003
282019
27253
52191
45615
9051
4330
91417
51503
32781
10467
4197
23864
106007
1169924
22926
30396
2984
12220
11203
86683
26293
3021
1276
19510
111591
14750
2881
100905
22997
m256
92574
149794
190457
70734
91972
2652
19029
0644
117005
42297
49762
39000
129786
10649
116616
40599
20116
106765
71768
48747
74022
176273
20141
49100
22881
121502
49215
80419
4151
917060
31179
312
12169
129
101701
164
92367
27292
120151
3176
13395
35651
4379
42308
935888
111833
15542
102344
12858
80888
72034
29052
928163
10296
43541
121596
80702
79546
6485
24360
80621
112196
12920
20249
1112585
187654
21254
813285
3612
19981
2356
83388
5453
98163
306274
12617
26503
130973
19713
70346
15948
19290
11284
116060
89232
112260
48647
190448
79260
71521
29127
20166
19660
72148
30454
19080
22190
3814
10555
21895
22570
17400
49658
62962
065312
4022
79363
122177
22052
83330
7191
117354
162922
58061
20354
04620
20659
31011
62101
20100
55099
125907
99583
93805
60175

132119
191840
63989
31970
120333
00209
122065
40812
18785
121401
103279
103285
20219
111104
8117
3255
91956
121210
55997
31346
112346
402143
15661
4270
3882
g1119
10054
9371
104526
62361
110079
112883
16411
11781
55536
61856
20136
42020
132407
197539
42234
64889
11776
62374
89751
305990
131258
65021
92882
142671
56983
106278
42774
